0.0007 0.0001 0.0000 0.0000 0.0008 0.0000
0.0104 0.0053 0.0000 0.0000 0.0113 0.0015
0.0410 0.0142 0.0674 0.0808 0.0445 0.0179
0.0264 0.0182 0.0403 0.0483 0.0287 0.1593
0.0215 0.0298 0.0230 0.0276 0.0234 0.0347
0.0050 0.0045 0.0576 0.0691 0.0054 0.0008
0.0017 0.0030 0.0000 0.0000 0.0018 0.0000
0.0041 0.0014 0.0498 0.0598 0.0045 0.0003
0.0043 0.0022 0.0071 0.0085 0.0046 0.1955
0.0041 0.0031 0.0095 0.0114 0.0045 0.0282
0.0006 0.0005 0.0004 0.0005 0.0007 0.0006
0.0523 0.0410 0.1946 0.1435 0.0567 0.0221
0.0281 0.0171 0.0000 0.0000 0.0306 0.0957
0.0196 0.0133 0.0381 0.0457 0.0212 0.2044
0.0034 0.0034 0.0029 0.0034 0.0037 0.0043
0.0089 0.0107 0.0101 0.0122 0.0097 0.0153
0.0039 0.0045 0.0042 0.0050 0.0042 0.0721
0.0000 0.0000 0.0010 0.0012 0.0000 0.0000
0.0000 0.0000 0.0245 0.0294 0.0000 0.0000
0.0002 0.0000 0.0006 0.0007 0.0002 0.0000
0.0229 0.0287 0.0262 0.0314 0.0249 0.0393
0.0282 0.0357 0.0319 0.0383 0.0306 0.0407
0.0014 0.0012 0.0178 0.0213 0.0015 0.0003
0.0013 0.0012 0.0218 0.0261 0.0015 0.0005
0.0017 0.0015 0.0019 0.0023 0.0018 0.0004
0.0008 0.0007 0.0103 0.0123 0.0009 0.0002
0.0002 0.0004 0.0006 0.0007 0.0002 0.0000
0.0000 0.0000 0.0000 0.0000 0.0000 0.0000
0.0002 0.0003 0.0000 0.0000 0.0002 0.0000
0.0054 0.0048 0.0000 0.0000 0.0059 0.0011
0.0027 0.0025 0.0329 0.0394 0.0029 0.0005
0.0082 0.0073 0.0256 0.0307 0.0089 0.0017
0.0003 0.0005 0.0000 0.0000 0.0003 0.0000
0.0006 0.0010 0.0024 0.0029 0.0006 0.0000
0.0004 0.0009 0.0000 0.0000 0.0004 0.0000
0.0009 0.0020 0.0006 0.0007 0.0010 0.0000
0.0000 0.0000 0.0006 0.0007 0.0000 0.0000
0.0047 0.0243 0.0000 0.0000 0.0051 0.0002
0.0013 0.0031 0.0030 0.0036 0.0014 0.0000
0.0049 0.0008 0.0010 0.0012 0.0053 0.0034
0.0009 0.0005 0.0000 0.0000 0.0010 0.0035
0.2263 0.0084 0.0062 0.0075 0.1601 0.0006
0.0007 0.0010 0.0014 0.0017 0.0008 0.0011
0.0035 0.0045 0.0047 0.0056 0.0038 0.0058
0.0009 0.0006 0.0020 0.0024 0.0009 0.0014
0.0011 0.0010 0.0103 0.0123 0.0012 0.0008
0.0006 0.0002 0.0014 0.0017 0.0006 0.0046
0.0006 0.0002 0.0022 0.0026 0.0007 0.0000
0.0005 0.0002 0.0016 0.0019 0.0005 0.0000
0.0002 0.0001 0.0008 0.0010 0.0002 0.0000
0.0014 0.0014 0.1673 0.1107 0.0015 0.0007
0.0009 0.0009 0.0188 0.0023 0.0009 0.0000
0.0001 0.0000 0.0000 0.0000 0.0001 0.0002
0.0002 0.0000 0.0000 0.0000 0.0002 0.0000
0.0016 0.0008 0.0090 0.0108 0.0017 0.0003
0.0000 0.0001 0.0000 0.0000 0.0000 0.0000
0.0291 0.0309 0.0672 0.0807 0.0316 0.0004
0.0956 0.2608 0.0000 0.0000 0.1038 0.0028
0.0121 0.0245 0.0000 0.0000 0.0131 0.0005
0.0290 0.0586 0.0000 0.0000 0.0315 0.0010
0.0193 0.0253 0.0000 0.0000 0.0210 0.0337
0.0187 0.0306 0.0000 0.0000 0.0203 0.0002
0.2295 0.1130 0.0000 0.0000 0.2492 0.0015
0.0053 0.1466 0.0000 0.0000 0.0057 0.0000
