01-06-98  110.0000  176.0000    6.5000   77.4000    0.0000   76.5600    0.0000  492.0000  434.0000   58.0000  490.0000  463.0000   27.0000  490.0000  481.0000    9.0000  425.0000  432.0000    7.0000   24.3000   23.6000   22.2000   27.5000    0.7360    0.7610    0.7610   22.6180   27.3559   22.3878   20.2168    7.4216   13.6300   26.7642    3.4305    1.5583   54.6169    0.2029    0.2721    4.0379    1.0481    0.1363    5.2606    2.9528    0.2871    1.3407   19.1941    9.9651   11.7975    2.9725   11.1769
03-06-98  110.0000  176.0000    5.0000   77.7000    0.0000   76.5600    0.0000  492.0000  433.0000   59.0000  492.0000  465.0000   27.0000  490.0000  483.0000    7.0000  425.0000  432.0000    7.0000   24.0000   23.0000   22.2000   27.5000    0.7350    0.7600    0.7600   22.1690   26.6927   23.1482   20.9583    7.0318   12.9970   26.2686    3.4760    1.6237   55.6347    0.0964    0.1698    4.0591    1.0421    0.1402    5.2157    3.2817    0.3025    1.5598   21.4557    8.8969   11.1805    2.5777   10.5598
10-06-98  110.0000  239.0000    7.5000   75.2000    0.0000   76.5600    0.0000  494.0000  437.0000   57.0000  492.0000  470.0000   24.0000  492.0000  486.0000    6.0000  425.0000  432.0000    7.0000   24.7000   22.6000   20.2000   27.5000    0.7370    0.7620    0.7620   22.3700   27.3313   22.3290   19.3272    8.6426   14.1790   25.4339    3.0497    1.3356   56.0019    0.1621    0.2793    3.7974    0.9164    0.1989    5.6620    2.8169    0.2592    1.8862   20.8133    9.9578   11.1195    3.1380   10.6506
03-08-98  110.0000  186.0000    4.2000   70.8000    0.0000   76.5600    0.0000  498.0000  442.0000   56.0000  496.0000  473.0000   23.0000  496.0000  488.0000    8.0000  425.0000  432.0000    7.0000   24.0000   23.0000   22.2000   27.5000    0.7350    0.7570    0.7570   21.7030   28.4979   20.3248   19.3690   10.1053   12.3380   22.2474    3.1269    2.0224   60.2654    0.0844    0.1666    2.6586    0.7138    0.1588    4.3800    2.2140    0.2570    1.6989   19.0040   12.6415   15.0763    3.7979   14.1406
02-09-98  110.0000  192.0000    5.1000   73.4000    0.0000   76.5600    0.0000  500.0000  443.0000   57.0000  500.0000  475.0000   25.0000  500.0000  490.0000   10.0000  425.0000  432.0000    7.0000   24.0000   22.6000   20.2000   27.5000    0.7410    0.7690    0.7690   21.7030   28.4979   20.3248   19.3690   10.1053   12.3380   22.2474    3.1269    2.0224   60.2654    0.0844    0.1666    2.6586    0.7138    0.1588    4.3800    2.2140    0.2570    1.6989   19.0040   12.6415   15.0763    3.7979   14.1406
04-09-98  110.0000  192.0000    4.3000   71.5000    0.0000   76.5600    0.0000  500.0000  443.0000   57.0000  500.0000  473.0000   27.0000  500.0000  492.0000    8.0000  425.0000  432.0000    7.0000   23.8000   22.6000   20.2000   27.5000    0.7390    0.7660    0.7660   22.4760   28.1352   21.2428   19.2862    8.8597   14.6240   24.4676    3.1677    1.9105   55.8302    0.1552    0.2390    4.1030    0.9430    0.2418    5.7727    3.0412    0.3334    1.6748   19.3979   11.5078   13.1539    3.3862   12.2726
07-09-98  110.0000  392.0000    6.1000   72.5000    0.0000   76.5600    0.0000  500.0000  444.0000   56.0000  500.0000  477.0000   23.0000  500.0000  493.0000    7.0000  425.0000  432.0000    7.0000   24.0000   23.6000   21.2000   27.5000    0.7360    0.7570    0.7570   22.4760   28.1352   21.2428   19.2862    8.8597   14.6240   24.4676    3.1677    1.9105   55.8302    0.1552    0.2390    4.1030    0.9430    0.2418    5.7727    3.0412    0.3334    1.6748   19.3979   11.5078   13.1539    3.3862   12.2726
09-09-98  110.0000  358.0000    5.4000   73.4000    0.0000   76.5600    0.0000  502.0000  445.0000   57.0000  500.0000  476.0000   24.0000  502.0000  492.0000   10.0000  425.0000  432.0000    7.0000   23.4000   22.6000   21.2000   27.5000    0.7360    0.7520    0.7520   22.6440   27.8068   21.5302   19.1117    8.9073   14.0120   24.2370    3.3110    1.9846   56.4555    0.1927    0.2521    3.6878    0.8637    0.2185    4.9551    2.4403    0.2912    1.9467   20.2714   10.9989   12.9428    3.3093   12.0867
10-09-98  110.0000  358.0000    5.6000   72.3000    0.0000   76.5600    0.0000  502.0000  444.0000   58.0000  500.0000  476.0000   24.0000  505.0000  492.0000   13.0000  425.0000  432.0000    7.0000   23.0000   22.0000   21.0000   27.5000    0.7320    0.7600    0.7600   22.6300   27.6539   21.5330   19.2048    8.9783   15.1420   23.3877    3.2033    1.9290   56.3379    0.1907    0.3034    3.7813    0.8540    0.2155    5.4063    2.4702    0.3024    1.8941   18.8433   10.9938   13.0745    3.3310   12.2109
14-09-98  130.0000  299.0000   12.5000   72.8000    0.0000   90.4800    0.0000  510.0000  449.0000   61.0000  508.0000  482.0000   26.0000  510.0000  499.0000   11.0000  425.0000  432.0000    7.0000   23.8000   22.6000   21.2000   27.5000    0.7490    0.7740    0.7740   22.5530   28.1164   20.1714   18.8087   10.3505   13.6810   22.5080    3.1763    2.0465   58.5883    0.1877    0.2712    3.2246    0.7824    0.1986    4.8381    2.2503    0.2772    1.7012   17.7666   13.0695   15.2318    4.1670   14.1281
16-09-98  140.0000  313.0000   14.5000   67.9000    0.0000   97.4400    0.0000  514.0000  453.0000   61.0000  512.0000  487.0000   25.0000  512.0000  501.0000   11.0000  425.0000  432.0000    7.0000   23.6000   22.6000   21.2000   27.5000    0.7390    0.7660    0.7660   22.7850   27.5802   20.8803   19.2782    9.4762   14.0460   22.7667    3.2478    2.0124   57.9271    0.2856    0.3376    3.7405    0.8268    0.2159    5.4302    2.7355    0.3195    1.6757   18.5039   11.5533   14.0762    3.6387   13.2162
17-09-98  140.0000  313.0000   16.1000   68.7000    0.0000   97.4400    0.0000  514.0000  454.0000   60.0000  512.0000  488.0000   24.0000  514.0000  504.0000   10.0000  425.0000  432.0000    7.0000   24.0000   22.6000   21.2000   27.5000    0.7390    0.7630    0.7630   22.6680   27.3176   20.9011   19.4591    9.6543   15.0860   22.5957    3.3044    2.0249   56.9891    0.2500    0.3449    3.5590    0.8527    0.2092    5.8311    2.8598    0.3509    1.7053   19.1816   12.0476   13.3044    4.0292   12.4744
18-09-98  140.0000  313.0000   15.9000   69.3000    0.0000   97.4400    0.0000  514.0000  454.0000   60.0000  512.0000  488.0000   24.0000  514.0000  505.0000    9.0000  425.0000  432.0000    7.0000   24.0000   22.6000   21.2000   27.5000    0.7400    0.7570    0.7570   22.3780   27.6712   21.1491   19.3244    9.4773   15.5190   23.3147    3.2356    1.9653   55.9654    0.2532    0.2680    3.8218    0.9118    0.2163    5.9474    2.9765    0.3597    1.7046   18.6665   11.6931   12.8797    3.8558   12.0458
21-09-98  120.0000  411.0000   20.0000   70.5000    0.0000   83.5200    0.0000  506.0000  452.0000   54.0000  504.0000  484.0000   20.0000  506.0000  498.0000    8.0000  425.0000  432.0000    7.0000   23.8000   22.6000   21.2000   27.5000    0.7360    0.7570    0.7570   23.2120   28.0321   21.7175   18.5886    8.4498   15.3580   25.2184    3.4566    1.8266   54.1404    0.3089    0.4140    4.8821    1.0862    0.2820    6.4156    3.1780    0.3627    1.6862   19.3805   11.0824   12.0784    3.4135   11.4000
06-10-98  110.0000  443.0000   10.5000   69.8000    0.0000   76.5600    0.0000  498.0000  451.0000   47.0000  498.0000  483.0000   15.0000  498.0000  493.0000    5.0000  425.0000  432.0000    7.0000   22.8000   21.6000   20.2000   27.5000    0.7290    0.7430    0.7430   24.0380   28.3339   22.5659   17.5586    7.5036   17.5360   29.9649    3.7733    1.7390   46.9868    0.4711    0.5170    6.6395    1.3819    0.3791    7.2093    3.9749    0.4295    1.6134   18.3190   10.3409   10.1788    3.4510    9.4590
07-10-98  110.0000  461.0000   10.0000   70.2000    0.0000   76.5600    0.0000  500.0000  454.0000   46.0000  498.0000  483.0000   15.0000  496.0000  492.0000    4.0000  425.0000  432.0000    7.0000   24.0000   23.6000   21.2000   27.5000    0.7300    0.7420    0.7420   23.9620   28.3555   22.7769   17.6260    7.2797   18.1180   30.6330    3.9345    1.7251   45.5895    0.5119    0.5459    6.6142    1.4445    0.3769    6.9031    4.0469    0.4353    1.6286   17.9427    9.9872    9.9982    3.2625    9.2758
09-10-98  110.0000  457.0000   13.4000   69.3000    0.0000   76.5600    0.0000  502.0000  454.0000   48.0000  500.0000  485.0000   15.0000  498.0000  494.0000    4.0000  425.0000  432.0000    7.0000   24.0000   23.6000   21.2000   27.5000    0.7270    0.7380    0.7380   24.8480   28.2516   22.4628   17.6698    6.7679   18.4880   29.9439    4.0581    1.7025   45.8075    0.9779    0.9201    5.9134    1.2500    0.3306    6.4328    3.5520    0.3841    1.5992   17.8433    8.2215    8.9012    2.5360    8.4126
12-10-98  110.0000  413.0000    9.0000   68.6000    0.0000   76.5600    0.0000  504.0000  455.0000   49.0000  502.0000  485.0000   17.0000  496.0000  493.0000    3.0000  425.0000  432.0000    7.0000   23.6000   22.6000   21.2000   27.5000    0.7280    0.7440    0.7440   23.5660   28.1790   22.7335   18.0492    7.4724   17.2600   29.6977    3.9546    1.7757   47.3120    0.5378    0.6506    6.0253    1.3454    0.3283    7.0505    3.8732    0.4324    1.6393   18.7696   10.1313    9.8956    3.2128    9.2143
10-11-98  135.0000  245.0000    7.0000   78.0000   15.0000   65.0000   18.0000  486.0000  437.0000   49.0000  486.0000  460.0000   26.0000  486.0000  479.0000    7.0000  429.0000  436.0000   -7.0000   25.1000   24.8000   24.5000   27.2000    0.7384    0.7918    0.6589   19.3780   24.7274   16.9074   33.8092    5.1780   15.0664   31.1155    3.1356    3.1967   47.4858    0.0582    0.1802    4.7569    1.9364    0.4559    5.8163    4.0570    0.3303    1.8287   15.3059    7.7848   25.5503    0.3058   20.1055
