7.691259999999999764e-01
1.792789999999999939e-01
5.159400000000000097e-02
2.824679999999999969e-01
5.915550000000000530e-01
2.460870000000000002e-01
1.623570000000000013e-01
5.708020000000000316e-01
4.549779999999999935e-01
2.546229999999999882e-01
2.903990000000000182e-01
8.354209999999999692e-01
3.499380000000000268e-01
2.351789999999999992e-01
4.148830000000000018e-01
1.064945000000000030e+00
2.691439999999999944e-01
2.047059999999999991e-01
5.261500000000000066e-01
1.257006000000000068e+00
2.070069999999999966e-01
1.717539999999999900e-01
6.212389999999999857e-01
1.414231999999999934e+00
1.592109999999999914e-01
1.407990000000000075e-01
6.999889999999999723e-01
1.540777999999999981e+00
1.224599999999999994e-01
1.134479999999999933e-01
7.640919999999999934e-01
1.641631999999999980e+00
9.418400000000000383e-02
9.043800000000000450e-02
8.153780000000000472e-01
1.721193999999999891e+00
7.244399999999999451e-02
7.144100000000000450e-02
8.561159999999999881e-01
1.783671999999999924e+00
