02-08-00  135.0000  200.0000   26.0000   80.0000   36.0000   79.0000    0.0000  483.0000  417.0000   66.0000  484.0000  447.0000   37.0000  484.0000  471.0000   13.0000    0.0000    0.0000    0.0000   26.0000   25.3000   24.5000    0.0000    0.7440    0.7965    0.6882   24.0490   27.5458   23.7407   17.1390    7.5255   14.6347   33.6372    5.7464    0.4556   45.5260    0.0428    0.0000    5.8574    1.5358    0.2567    5.0208    3.8628    0.2088    0.9461   12.0259    9.2659   18.0032    3.6604   14.9737
09-08-00  150.0000  200.0000   26.0000   80.0000   36.3000  103.0000    0.0000  483.0000  417.0000   66.0000  484.0000  447.0000   37.0000  484.0000  471.0000   13.0000    0.0000    0.0000    0.0000   26.0000   25.3000   24.5000    0.0000    0.7427    0.7970    0.6852   24.8850   25.4789   23.4338   17.0001    9.2022   12.9963   31.2359    4.7279    0.3820   50.6578    0.0954    0.0329    5.4608    1.4102    0.2292    4.9929    3.5999    0.1810    0.9000   19.7400   11.7048   16.1893    4.6295   13.8045
16-08-00  140.0000  200.0000   26.0000   80.0000   32.5000   91.0000    0.0000  483.0000  417.0000   66.0000  484.0000  447.0000   37.0000  484.0000  471.0000   13.0000    0.0000    0.0000    0.0000   26.0000   25.3000   24.5000    0.0000    0.7427    0.7974    0.6848   23.6770   27.9538   22.7894   16.9191    8.6608   12.7888   30.6362    4.9850    0.4475   51.1425    0.0765    0.0000    5.4973    1.2548    0.2304    4.4601    3.7523    0.1719    1.7053   20.5466    9.1135   15.9061    3.6976   13.3124
23-08-00  130.0000  200.0000   26.0000   80.0000   32.0000   82.0000    0.0000  483.0000  417.0000   66.0000  484.0000  447.0000   37.0000  484.0000  471.0000   13.0000    0.0000    0.0000    0.0000   26.0000   25.3000   24.5000    0.0000    0.7447    0.7968    0.6873   23.6890   25.9666   23.2964   17.3419    9.7061   13.4836   30.2570    5.0261    0.9480   50.2852    0.0000    0.0000    5.7899    1.6040    0.2553    4.6231    3.9188    0.2086    1.7351   19.7895   10.7712   15.9107    4.5591   14.7113
30-08-00  130.0000  200.0000   26.0000   80.0000   32.0000   85.0000    0.0000  483.0000  417.0000   66.0000  484.0000  447.0000   37.0000  484.0000  471.0000   13.0000    0.0000    0.0000    0.0000   26.0000   25.3000   24.5000    0.0000    0.7421    0.7929    0.6876   23.6920   27.2911   24.3097   17.3827    7.3245   13.3796   30.3081    6.2329    0.6120   49.4674    0.0000    0.0000    6.0747    1.5385    0.2497    3.5250    3.8959    0.2411    1.6547   19.9756    9.1621   14.8479    3.2500   13.4660
06-09-00  140.0000  200.0000   26.0000   80.0000   34.0000   82.0000    0.0000  483.0000  417.0000   66.0000  484.0000  447.0000   37.0000  484.0000  471.0000   13.0000    0.0000    0.0000    0.0000   26.0000   25.3000   24.5000    0.0000    0.7398    0.7964    0.6941   24.9930   27.5965   23.3056   15.6785    8.4265   13.4202   31.3872    4.9737    0.4668   49.7522    0.1710    0.0000    6.5632    1.4416    0.2926    4.5399    3.8120    0.1986    1.5728   19.6920    8.1276   16.7333    2.9824   14.0871
03-07-98  130.0000  230.0000   34.0000   72.1000   27.5000   71.0000   18.0000  473.0000  416.0000   57.0000  472.0000  448.0000   24.0000  473.0000  481.0000    8.0000  423.0000  427.0000    4.0000   30.0000   29.8000   28.2000   28.0000    0.7410    0.7869    0.6800   22.6290   28.9244   23.6201   16.6872    8.1393   14.3245   31.9074    7.3233    2.0176   44.4272    0.1312    0.0000    5.3055    1.4635    0.1173    2.0029    3.6347    0.4843    1.5902   17.3470    9.4975   15.7505    4.3225   13.3345
10-07-98  125.0000  250.0000   40.0000   61.9000   26.5000   68.0000    1.5000  484.0000  424.0000   60.0000  483.0000  462.0000   21.0000  481.0000  491.0000   10.0000  430.0000  433.0000    3.0000   30.0000   29.5000   27.4000   27.5000    0.7389    0.7970    0.6784   23.8050   29.9581   22.7330   14.8153    8.6886   13.7382   30.4141    5.5055    1.2208   49.1214    0.7018    0.0480    4.9984    1.6248    0.2253    3.3269    3.0026    0.3592    1.5093   19.9185   10.2186   17.2243    4.1914   15.1089
17-07-98  135.0000  230.0000   66.0000   67.4000   30.0000   79.0000    3.0000  489.0000  427.0000   62.0000  488.0000  467.0000   21.0000  482.0000  491.0000    9.0000  432.0000  437.0000    5.0000   28.6000   27.2000   27.1000   26.7000    0.7353    0.7946    0.6708   23.5200   31.1880   22.4911   14.4814    8.3195   13.3909   32.0245    5.6309    1.1890   47.7647    0.6608    0.0000    4.7617    1.6195    0.2309    3.2211    2.6958    0.3500    1.5146   18.0504   10.4315   17.9963    4.9575   15.5470
29-07-98  120.0000  260.0000   60.0000   63.5000   28.5000   66.0000    1.5000  492.0000  432.0000   60.0000  491.0000  475.0000   16.0000  487.0000  497.0000   10.0000  432.0000  435.0000    3.0000   30.0000   29.4000   27.0000   27.0000    0.7402    0.8042    0.6891   22.9620   30.4455   22.2600   15.7099    8.6226   13.1116   29.2532    5.1344    1.5456   50.9552    0.3888    0.0000    4.5737    1.3176    0.2083    2.8418    2.8736    0.3983    1.5295   18.7761   11.3297   19.0530    5.2764   16.3854
01-09-98  130.0000  200.0000   50.0000   86.5000    0.0000   90.0000    1.5000  480.0000  425.0000   55.0000  479.0000  445.0000   34.0000  478.0000  464.0000   14.0000  420.0000  430.0000   10.0000   30.0000   29.0000   28.0000   28.0000    0.7384    0.7563    0.6883   24.1350   29.8021   22.3699   15.9229    7.7701   13.1080   33.5664    9.1865    2.2138   41.9253    0.1712    0.1797    5.2950    4.0051    0.2209    3.7387    3.1615    0.6558    1.4260   13.1484   11.4419   13.1431    4.0895   10.8775
30-09-98  115.0000  210.0000   14.0000   80.3000   34.5000   62.0000    1.5000  483.0000  429.0000   54.0000  482.0000  453.0000   29.0000  481.0000  475.0000    6.0000  431.0000  438.0000    7.0000   29.0000   27.7000   28.1000   27.1000    0.7364    0.7982    0.6956   25.2800   29.9573   23.3255   15.1847    6.2525   11.5569   32.8306    5.9861    1.8484   47.7780    0.4694    0.0000    6.0369    1.2169    0.2585    2.5453    3.5172    0.3685    1.4677   19.2184   10.0235   21.1741    3.2594   17.1821
01-03-99  105.0000  240.0000    2.0000   73.0000   37.0000   63.0000    0.0000  485.0000  431.0000   54.0000  486.0000  466.0000   20.0000  487.0000  479.0000    8.0000  437.0000  443.0000   -6.0000   30.6000   30.0000   29.6000   28.0000    0.7373    0.8246    0.6757   24.7420   29.1072   23.0804   16.3137    6.7566   11.3292   20.4516    3.7401    1.2452   63.2340    0.4069    0.3514    4.7245    0.9676    0.2273    6.4154    2.9965    0.2869    1.7518   21.1422    6.9261    5.5526    2.5190    5.3600
28-07-99  180.0000  175.0000   16.0000   81.0000    0.0000   69.0000   80.0000  488.0000  415.0000   73.0000  489.0000  446.0000   43.0000  490.0000  473.0000   17.0000    0.0000    0.0000    0.0000   26.6000   26.3000   24.3000    0.0000    0.7450    0.7711    0.7630   23.6750   28.4536   22.3302   17.5501    7.9911   13.0780   29.0777    2.7869    0.4040   54.6534    0.1549    0.0000    5.0653    1.4771    0.2437    5.2392    3.3930    0.1583    1.7562   17.7146   10.7653   12.6110    3.8160   12.0537
04-08-99  158.0000  190.0000   17.0000   81.0000   28.0000   52.0000   50.0000  484.0000  417.0000   67.0000  485.0000  447.0000   38.0000  486.0000  473.0000   13.0000    0.0000    0.0000    0.0000   25.3000   24.5000   23.7000    0.0000    0.7512    0.8081    0.6855   24.0100   27.9371   21.9920   17.2242    8.8368   11.4439   27.9487    3.4683    0.4113   56.7278    0.0000    0.0000    4.5287    1.3385    0.1993    4.7466    3.2542    0.1880    1.6428   21.4849   13.0217   18.9197    5.1419   17.8180
11-08-99  151.0000  200.0000   26.0000   80.0000   30.0000   45.0000   50.0000  483.0000  417.0000   66.0000  484.0000  447.0000   37.0000  484.0000  471.0000   13.0000    0.0000    0.0000    0.0000   26.0000   25.3000   24.5000    0.0000    0.7454    0.8051    0.6907   25.5400   27.6126   22.6323   15.4229    8.7922   11.2687   27.7436    3.4175    0.4219   57.1483    0.1193    0.0000    4.4534    1.0714    0.1741    3.7929    2.9197    0.1478    1.5269   19.1043   13.7321   20.6579    5.1077   19.4717
18-08-99  146.0000  195.0000   21.0000   80.0000    0.0000   73.0000   45.0000  484.0000  418.0000   66.0000  485.0000  450.0000   35.0000  485.0000  474.0000   11.0000    0.0000    0.0000    0.0000   26.0000   25.7000   24.1000    0.0000    0.7416    0.7715    0.0000   24.5530   25.0073   22.8662   17.5728   10.0008   12.9830   29.3881    3.3277    0.4583   53.8429    0.0000    0.0000    4.5389    1.5831    0.1954    5.1448    3.1200    0.1764    1.5768   18.1093   13.6374   12.4996    5.1955   11.9143
25-08-99  173.0000  170.0000   24.0000   83.0000   32.5000   61.0000   50.0000  487.0000  415.0000   72.0000  488.0000  446.0000   42.0000  489.0000  471.0000   18.0000    0.0000    0.0000    0.0000   25.2000   24.5000   23.5000    0.0000    0.7422    0.7981    0.6783   24.3260   27.6383   22.1749   15.7645   10.0963   12.1464   29.7161    3.8537    0.5767   53.7070    0.0000    0.0000    5.0933    1.3417    0.2156    4.1752    3.2499    0.1714    1.5779   19.2793   12.5224   18.1268    5.3478   16.8948
01-09-99  163.0000  180.0000   22.0000   82.0000   32.0000   53.0000   50.0000  487.0000  417.0000   70.0000  488.0000  448.0000   40.0000  489.0000  474.0000   15.0000    0.0000    0.0000    0.0000   26.2000   25.5000   24.5000    0.0000    0.7456    0.8027    0.7630   25.4110   27.3212   22.2284   16.4013    8.6382   11.5430   30.0212    3.4172    0.4511   54.5676    0.0818    0.0000    4.4768    1.1709    0.1889    3.6618    3.2926    0.1696    1.7675   20.4354   12.8963   19.0030    4.3981   16.1229
08-09-99  148.0000  180.0000   24.0000   81.0000   21.5000   53.0000   45.0000  484.0000  416.0000   68.0000  485.0000  446.0000   39.0000  486.0000  471.0000   15.0000    0.0000    0.0000    0.0000   25.7000   24.8000   24.2000    0.0000    0.7390    0.7970    0.6661   24.9790   27.5323   19.0811   18.9427    9.4648   11.5647   27.8982    3.9207    4.6870   51.9293    0.0000    0.0000    4.2559    1.3005    0.2205    3.8723    3.0515    0.1875    1.7325   19.6784   13.2216   16.1882    4.5750   13.8847
15-09-99  166.0000  175.0000   19.0000   81.0000   24.5000   70.0000   42.0000  486.0000  416.0000   70.0000  487.0000  447.0000   40.0000  488.0000  472.0000   16.0000    0.0000    0.0000    0.0000   23.3000   23.9000   24.0000    0.0000    0.7430    0.7972    0.6850   25.6000   28.5087   21.6838   15.5885    8.6191   11.1004   25.4224    8.7453    0.5383   54.1937    0.1972    0.0000    4.3962    1.2997    0.1992    3.7634    2.8363    0.1908    1.5344   18.5264   13.6599   20.1375    4.9433   17.1123
22-09-99  172.0000  170.0000   14.0000   82.0000   27.0000   57.0000   60.0000  487.0000  416.0000   71.0000  483.0000  447.0000   36.0000  489.0000  472.0000   17.0000    0.0000    0.0000    0.0000   25.1000   24.2000   23.8000    0.0000    0.7422    0.7930    0.6838   23.2810   27.5944   22.8375   17.2435    9.0436   10.2606   30.9149    4.5905    0.7218   53.5122    0.1553    0.0000    4.7454    1.4163    0.2084    4.3213    3.2403    0.1973    1.6487   20.7633   10.5146   15.4119    3.8865   12.6657
