   1   0   1   5   1   0   1             0                 03.03.98
 1.      2.5     6.10    0.
 25.00    26.80   26.00    5.0      5.0                                    давление влажность
 505.    505.    505.    439.     50.     25.     07.                      температура и перепады
70.0    14.80   07.40   05.20   02.00   00.00   00.00   00.00    0.00      водород
240000. 405162.8  100.0  405162.8                                          расход газа
  94300.8       640.        0.082 0.14  0.2  0.2  0.2                      сера
 182.00 .0001.0007.0005.0090.0100.0040.0005.0067 9.900.9000.0010.0078.0095.0076                   расход сырья
  100000000003320176
 03.03.98
 24.06.97











































