
 3.1  0.90 1.00 2.0  7.4 3.30  1.00  0.20 0.500.1  3.9  2.7  1.7  .85       c

  .0  1.  1.3  1.

    0.       0.        0.        0.        0.        0.
    0.       0.        0.        0.        0.        0.00E00 0.0
 0.503E 17   0.        0.        0.        0.        0.0E 00 0.
    0.       0.        0.        0.        0.        0.      0.
 0.859E 16   0.        0.        0.        0.        0.0E 00 0.
    0.       0.        0.        0.        0.        0.      0.        
 0.111E 13 0.210E 09 0.180E 10   0.      0.697E 11   0.      0.0E 00 
    0.       0.       0.         0.        0.        0.      0.        
 0.495E 09 0.140E 09 0.253E 09 0.        0.498E 09   0.      0.     
    0.       0.       0.         0.        0.        0.      0.
 0.295E 080.392E 08 0.645E 08 0.484E 12 0.550E 07 0.200E 13 0.645E 08
 0.016E 09 0.964E 06 0.861E 20 0.844E 13 0.910E 12 0.707E 09 0.750E 06
 0.590E 07 0.160E 07 0.420E 08 0.232E 12 0.084E 07 0.108E 13 0.104E 09
 0.120E 08 0.365E 06 0.286E 20 0.247E 13 0.919E 12 0.467E 09 0.256E 07
 0.120E 07 0.536E 07 0.133E 08 0.104E 12 0.018E 08 0.049E 14 0.211E 08
 0.630E 07 0.968E 05 0.236E 19 0.756E 12 0.465E 11 0.492E 08 0.513E 07
 0.299E 07 0.546E 07 0.420E 07 0.295E 11 0.100E 07 0.972E 12 0.402E 07
 0.328E 07 0.460E 05 0.121E 19 0.214E 12 0.129E 11 0.281E 08 0.249E 06
 0.200E 07 0.788E 06 0.233E 07 0.818E 09 0.072E 07 0.274E 12 0.258E 08
 0.325E 06 0.472E 00 0.121E 19 0.558E 07 0.353E 08 0.294E 09 0.153E 06
 0.400E 06 0.227E 06 0.609E 06 0.223E 10 0.146E 06 0.216E 11 0.114E 07
 0.325E 07 0.488E 05 0.124E 19 0.160E 11 0.356E 10 0.308E 08 0.158E 06
 0.240E 06 0.572E 05 0.163E 05 0.598E 09 0.975E 05 0.590E 11 0.118E 06
 0.325E 07 0.480E 05 0.124E 19 0.411E 10 0.356E 10 0.308E 08 0.155E 06
                                                                          
 0.000E 00 0.000E 00 0.000E 00 
 0.000E 00 0.000E 00 0.000E 00 
 0.000E 00 0.000E 00 0.000E 00 
 0.000E 00 0.000E 00 0.000E 00 
 0.000E 00 0.000E 00 0.000E 00 
 0.100E 19 0.200E 19 0.100E 17 
 0.328E 18 0.460E 19 0.101E 17 
 0.600E 17 0.788E 18 0.293E 16 
 0.325E 17 0.472E 18 0.811E 14
 0.400E 17 0.227E 18 0.559E 14 
 0.325E 17 0.488E 17 0.124E 14 
 0.240E 16 0.572E 16 0.163E 13 

 0.   0.   0.   0.   0.   0.   0.   0.   0.   0.   0.   0.   0.   0.
65.65 0.   0.   0.   0.   0.   0.   0.   0.   0.   0.   0.   0.   0.
61.65 0.   0.   0.   0.   0.   0.   0.   0.   0.   0.   0.   0.   0.
47.6535.  40.   0.  44.65 0.   0.   0.   0.   0.   0.   0.   0.   0.
35.6533.  37.   0.  34.65 0.   0.   0.   0.   0.  54.   0.   0.   0.
30.6531.  35.  52.  29.6552.  27.  30.  25.  70.  52.  50.  36.  35.
27.6529.  32.  50.  26.6550.  25.  28.  23.  68.  50.  48.  34.  33.
25.6527.  30.  48.  24.6548.  23.  26.  21.  66.  48.  46.  32.  31.
24.6525.  28.  46.  23.6546.  22.  25.  20.  65.  46.  44.  31.  30.
23.6524.  27.  44.  23.1544.  22.  25.  20.  65.  44.  42.  31.  30.
22.6522.  25.  42.  21.6542.  22.  25.  20.  65.  42.  42.  31.  30.
21.6520.  23.  40.  20.6540.  22.  25.  20.  65.  40.  42.  31.  30.

 0.   0.   0.   
00.00 0.   0.   
00.00 0.   0.   
00.0000.  00.   
00.0000.  00.   
69.0069.  68.  
68.6569.  68.  
62.6563.  62.  
60.6561.  60.  
56.6558.  56.  
52.6554.  55.  
50.6554.  50.  

  -2.6   -17.0   -17.0    8.092  10.     -6.098 -23.1    53.0    -7.22
  8.092  60.0   0000.   .0000000.0000000  0.    -6.647450.0815150.060645
05.0 2.8  2.8  0.8
 .4  0.4  0.8  8.8
-5.  -05.  12.   0.
 1.     1.      0.       0.
 0.     1.      1.       1.       1.       15.  15.     15.     10.     10.
 0.
 0.
 0.
 0.
 0.
 0.
 0.
 00.   0.   0.   0.  00.   0.   0.   0. -00.   0.   0.   0.   0.   0.
                                                                                                                         5
 0.
 0.
 0.
 0.
 0.
 0.
 0.
 0.
 0.
 0.
 0.                         AP_64
 0.                                                                                                         
