6.376290000000000013e-01
3.434809999999999808e-01
1.889000000000000054e-02
3.812610000000000166e-01
4.065579999999999750e-01
5.296999999999999487e-01
6.374199999999999311e-02
6.571839999999999904e-01
2.591689999999999827e-01
6.188280000000000447e-01
1.220030000000000003e-01
8.628339999999999899e-01
1.653320000000000067e-01
6.486340000000000439e-01
1.860340000000000049e-01
1.020701999999999998e+00
1.053609999999999963e-01
6.435380000000000544e-01
2.511010000000000186e-01
1.145739999999999981e+00
6.724399999999999822e-02
6.181729999999999725e-01
3.145830000000000015e-01
1.247338000000000058e+00
4.287799999999999945e-02
5.822190000000000420e-01
3.749040000000000150e-01
1.332025999999999932e+00
2.734999999999999931e-02
5.413179999999999659e-01
4.313330000000000219e-01
1.403982999999999981e+00
1.746500000000000136e-02
4.989689999999999959e-01
4.835659999999999958e-01
1.466101000000000099e+00
1.113699999999999933e-02
4.573030000000000150e-01
5.315600000000000325e-01
1.520423000000000080e+00
