7.306610000000000049e-01
6.955810000000000048e-01
2.342579999999999940e-01
3.508100000000000107e-02
5.856660000000000199e-01
4.965310000000000001e-01
3.251990000000000158e-01
8.913500000000000589e-02
4.997500000000000275e-01
3.625519999999999854e-01
3.630519999999999858e-01
1.371979999999999866e-01
4.442110000000000225e-01
2.692419999999999813e-01
3.808199999999999918e-01
1.749690000000000134e-01
4.071589999999999931e-01
2.028129999999999933e-01
3.884940000000000060e-01
2.043470000000000009e-01
3.813259999999999983e-01
1.543740000000000112e-01
3.917220000000000146e-01
2.269519999999999871e-01
3.623910000000000187e-01
1.181999999999999995e-01
3.934190000000000187e-01
2.441899999999999904e-01
3.485969999999999902e-01
9.113300000000000567e-02
3.939400000000000124e-01
2.574640000000000262e-01
3.383369999999999989e-01
7.061800000000000022e-02
3.939429999999999876e-01
2.677200000000000135e-01
3.305150000000000032e-01
5.483799999999999786e-02
3.938079999999999914e-01
2.756770000000000054e-01
