0.0145 0.0000 0.0151 0.0000 0.0008 0.0000
0.0461 0.0014 0.0481 0.0000 0.0113 0.0015
0.1691 0.0175 0.1764 0.0808 0.0445 0.0179
0.0603 0.1558 0.0629 0.0483 0.0287 0.1593
0.0001 0.0339 0.0001 0.0276 0.0234 0.0347
0.0000 0.0008 0.0000 0.0691 0.0054 0.0008
0.0000 0.0000 0.0000 0.0000 0.0018 0.0000
0.0063 0.0003 0.0066 0.0598 0.0045 0.0003
0.0000 0.1911 0.0000 0.0085 0.0046 0.1955
0.0232 0.0276 0.0242 0.0114 0.0045 0.0282
0.0205 0.0006 0.0214 0.0005 0.0007 0.0006
0.0000 0.0216 0.0000 0.1435 0.0567 0.0221
0.1720 0.1160 0.2225 0.0000 0.0306 0.0957
0.2005 0.1998 0.2091 0.0457 0.0212 0.2044
0.1838 0.0042 0.1055 0.0034 0.0037 0.0043
0.0000 0.0150 0.0000 0.0122 0.0097 0.0153
0.0017 0.0705 0.0017 0.0050 0.0042 0.0721
0.0001 0.0000 0.0001 0.0012 0.0000 0.0000
0.0000 0.0000 0.0000 0.0294 0.0000 0.0000
0.0000 0.0000 0.0000 0.0007 0.0002 0.0000
0.0000 0.0385 0.0000 0.0314 0.0249 0.0393
0.0003 0.0398 0.0003 0.0383 0.0306 0.0407
0.0003 0.0003 0.0003 0.0213 0.0015 0.0003
0.0000 0.0005 0.0000 0.0261 0.0015 0.0005
0.0000 0.0004 0.0000 0.0023 0.0018 0.0004
0.0000 0.0002 0.0000 0.0123 0.0009 0.0002
0.0000 0.0000 0.0000 0.0007 0.0002 0.0000
0.0000 0.0000 0.0000 0.0000 0.0000 0.0000
0.0000 0.0000 0.0000 0.0000 0.0002 0.0000
0.0000 0.0010 0.0000 0.0000 0.0059 0.0011
0.0000 0.0005 0.0000 0.0394 0.0029 0.0005
0.0000 0.0016 0.0000 0.0307 0.0089 0.0017
0.0000 0.0000 0.0000 0.0000 0.0003 0.0000
0.0000 0.0000 0.0000 0.0029 0.0006 0.0000
0.0000 0.0000 0.0000 0.0000 0.0004 0.0000
0.0000 0.0000 0.0000 0.0007 0.0010 0.0000
0.0000 0.0000 0.0000 0.0007 0.0000 0.0000
0.0000 0.0001 0.0000 0.0000 0.0051 0.0002
0.0008 0.0000 0.0009 0.0036 0.0014 0.0000
0.0276 0.0033 0.0288 0.0012 0.0053 0.0034
0.0060 0.0034 0.0062 0.0000 0.0010 0.0035
0.0512 0.0006 0.0534 0.0075 0.1601 0.0006
0.0000 0.0010 0.0000 0.0017 0.0008 0.0011
0.0000 0.0056 0.0000 0.0056 0.0038 0.0058
0.0000 0.0013 0.0000 0.0024 0.0009 0.0014
0.0000 0.0007 0.0000 0.0123 0.0012 0.0008
0.0000 0.0045 0.0000 0.0017 0.0006 0.0046
0.0000 0.0000 0.0000 0.0026 0.0007 0.0000
0.0000 0.0000 0.0000 0.0019 0.0005 0.0000
0.0000 0.0000 0.0000 0.0010 0.0002 0.0000
0.0000 0.0007 0.0000 0.1107 0.0015 0.0007
0.0000 0.0000 0.0000 0.0023 0.0009 0.0000
0.0000 0.0002 0.0000 0.0000 0.0001 0.0002
0.0000 0.0000 0.0000 0.0000 0.0002 0.0000
0.0000 0.0003 0.0000 0.0108 0.0017 0.0003
0.0000 0.0000 0.0000 0.0000 0.0000 0.0000
0.0148 0.0004 0.0154 0.0807 0.0316 0.0004
0.0004 0.0027 0.0004 0.0000 0.1038 0.0028
0.0001 0.0004 0.0001 0.0000 0.0131 0.0005
0.0002 0.0010 0.0003 0.0000 0.0315 0.0010
0.0002 0.0329 0.0002 0.0000 0.0210 0.0337
0.0000 0.0002 0.0000 0.0000 0.0203 0.0002
0.0000 0.0014 0.0000 0.0000 0.2492 0.0015
0.0000 0.0000 0.0000 0.0000 0.0057 0.0000
