0.0000 0.0009 0.0151 0.0000 0.0007 0.0001
0.0014 0.0132 0.0481 0.0000 0.0104 0.0053
0.0177 0.0520 0.1764 0.0808 0.0410 0.0142
0.1575 0.0335 0.0629 0.0483 0.0264 0.0182
0.0343 0.0273 0.0001 0.0276 0.0215 0.0298
0.0008 0.0063 0.0000 0.0691 0.0050 0.0045
0.0000 0.0021 0.0000 0.0000 0.0017 0.0030
0.0003 0.0052 0.0066 0.0598 0.0041 0.0014
0.2690 0.0054 0.0000 0.0085 0.0043 0.0022
0.0279 0.0052 0.0242 0.0114 0.0041 0.0031
0.0006 0.0008 0.0214 0.0005 0.0006 0.0005
0.0218 0.0663 0.0000 0.1435 0.0523 0.0410
0.0946 0.0357 0.2225 0.0000 0.0281 0.0171
0.2020 0.0248 0.2091 0.0457 0.0196 0.0133
0.0042 0.0043 0.1055 0.0034 0.0034 0.0034
0.0152 0.0113 0.0000 0.0122 0.0089 0.0107
0.0071 0.0049 0.0017 0.0050 0.0039 0.0045
0.0000 0.0000 0.0001 0.0012 0.0000 0.0000
0.0000 0.0000 0.0000 0.0294 0.0000 0.0000
0.0000 0.0002 0.0000 0.0007 0.0002 0.0000
0.0389 0.0291 0.0000 0.0314 0.0229 0.0287
0.0402 0.0358 0.0003 0.0383 0.0282 0.0357
0.0003 0.0018 0.0003 0.0213 0.0014 0.0012
0.0005 0.0017 0.0000 0.0261 0.0013 0.0012
0.0004 0.0021 0.0000 0.0023 0.0017 0.0015
0.0002 0.0010 0.0000 0.0123 0.0008 0.0007
0.0000 0.0002 0.0000 0.0007 0.0002 0.0004
0.0000 0.0000 0.0000 0.0000 0.0000 0.0000
0.0000 0.0002 0.0000 0.0000 0.0002 0.0003
0.0011 0.0069 0.0000 0.0000 0.0054 0.0048
0.0005 0.0034 0.0000 0.0394 0.0027 0.0025
0.0017 0.0104 0.0000 0.0307 0.0082 0.0073
0.0000 0.0004 0.0000 0.0000 0.0003 0.0005
0.0000 0.0007 0.0000 0.0029 0.0006 0.0010
0.0000 0.0005 0.0000 0.0000 0.0004 0.0009
0.0000 0.0012 0.0000 0.0007 0.0009 0.0020
0.0000 0.0000 0.0000 0.0007 0.0000 0.0000
0.0002 0.0059 0.0000 0.0000 0.0047 0.0243
0.0000 0.0016 0.0009 0.0036 0.0013 0.0031
0.0033 0.0062 0.0288 0.0012 0.0049 0.0008
0.0035 0.0012 0.0062 0.0000 0.0009 0.0005
0.0006 0.0187 0.0534 0.0075 0.2263 0.0084
0.0011 0.0009 0.0000 0.0017 0.0007 0.0010
0.0057 0.0044 0.0000 0.0056 0.0035 0.0045
0.0014 0.0011 0.0000 0.0024 0.0009 0.0006
0.0008 0.0014 0.0000 0.0123 0.0011 0.0010
0.0045 0.0007 0.0000 0.0017 0.0006 0.0002
0.0000 0.0008 0.0000 0.0026 0.0006 0.0002
0.0000 0.0006 0.0000 0.0019 0.0005 0.0002
0.0000 0.0002 0.0000 0.0010 0.0002 0.0001
0.0007 0.0018 0.0000 0.1107 0.0014 0.0014
0.0000 0.0011 0.0000 0.0023 0.0009 0.0009
0.0002 0.0001 0.0000 0.0000 0.0001 0.0000
0.0000 0.0002 0.0000 0.0000 0.0002 0.0000
0.0003 0.0020 0.0000 0.0108 0.0016 0.0008
0.0000 0.0000 0.0000 0.0000 0.0000 0.0001
0.0004 0.0369 0.0154 0.0807 0.0291 0.0309
0.0027 0.2213 0.0004 0.0000 0.0956 0.2608
0.0005 0.0153 0.0001 0.0000 0.0121 0.0245
0.0010 0.0368 0.0003 0.0000 0.0290 0.0586
0.0333 0.0245 0.0002 0.0000 0.0193 0.0253
0.0002 0.0237 0.0000 0.0000 0.0187 0.0306
0.0014 0.1911 0.0000 0.0000 0.2295 0.1130
0.0000 0.0067 0.0000 0.0000 0.0053 0.1466
