0.0175 0 0.0071 0 0.0009 0.0001
0.0558 0.0019 0.0251 0 0.0132 0.0051
0.2046 0.0234 0.2097 0.0898 0.052 0.0138
0.073 0.2078 0.1139 0.0537 0.0335 0.0177
0.0001 0.0452 0.0289 0.0306 0.0273 0.0289
0 0.0011 0.0108 0.0768 0.0063 0.0044
0 0 0.002 0 0.0021 0.0029
0.0076 0.0004 0.0056 0.0664 0.0052 0.0014
0 0.0355 0.0226 0.0094 0.0054 0.0021
0.0281 0.0368 0.0248 0.0127 0.0052 0.003
0.0248 0.0008 0.0006 0.0005 0.0008 0.0005
0 0.0288 0.2165 0.1594 0.0663 0.0398
0.2181 0.2248 0.1392 0 0.0357 0.0166
0.1426 0.1665 0.0987 0.0508 0.0248 0.0129
0.1024 0.0056 0.0039 0.0038 0.0043 0.0033
0 0.02 0.0123 0.0135 0.0113 0.0104
0.002 0.0094 0.0056 0.0056 0.0049 0.0044
0.0001 0 0 0.0013 0 0
0 0 0 0.0326 0 0
0 0 0.0003 0.0008 0.0002 0
0 0.0513 0.0311 0.0349 0.0291 0.0278
0.0004 0.0531 0.0382 0.0425 0.0358 0.0346
0.0004 0.0004 0.0031 0.0237 0.0018 0.0012
0 0.0007 0 0.029 0.0017 0.0012
0 0.0005 0 0.0025 0.0021 0.0015
0 0.0003 0 0.0137 0.001 0.0007
0 0 0 0.0008 0.0002 0.0004
0 0 0 0 0 0
0 0 0 0 0.0002 0.0003
0 0.0014 0 0 0.0069 0.0047
0 0.0007 0 0.0438 0.0034 0.0024
0 0.0022 0 0.0341 0.0104 0.0071
0 0 0 0 0.0004 0.0005
0 0 0 0.0032 0.0007 0.001
0 0 0 0 0.0005 0.0009
0 0 0 0.0008 0.0012 0.0019
0 0 0 0.0008 0 0
0 0.0002 0 0 0.0059 0.0236
0.001 0 0 0.004 0.0016 0.003
0.0334 0.0044 0 0.0013 0.0062 0.0008
0.0072 0.0046 0 0 0.0012 0.0005
0.0619 0.0008 0 0.0083 0.0187 0.0081
0 0.0014 0 0.0019 0.0009 0.001
0 0.0075 0 0.0062 0.0044 0.0044
0 0.0018 0 0.0027 0.0011 0.0006
0 0.001 0 0.0137 0.0014 0.001
0 0.006 0 0.0019 0.0007 0.0002
0 0 0 0.0029 0.0008 0.0002
0 0 0 0.0021 0.0006 0.0002
0 0 0 0.0011 0.0002 0.0001
0 0.0009 0 0.0123 0.0018 0.0014
0 0 0 0.0025 0.0011 0.0009
0 0.0003 0 0 0.0001 0
0 0 0 0 0.0002 0
0 0.0004 0 0.012 0.002 0.0008
0 0 0 0 0 0.0001
0.0179 0.0005 0 0.0896 0.0369 0.03
0.0005 0.0036 0 0 0.2213 0.183
0.0001 0.0006 0 0 0.0153 0.0238
0.0003 0.0013 0 0 0.0368 0.0568
0.0002 0.0439 0 0 0.0245 0.0245
0 0.0003 0 0 0.0237 0.0297
0 0.0019 0 0 0.1911 0.2096
0 0 0 0 0.0067 0.1422