0.0145 0.0000 0.0008 0.0056 0.0000 0.0000
0.0461 0.0014 0.0113 0.0199 0.0015 0.0000
0.1691 0.0175 0.0445 0.0871 0.0179 0.0674
0.0603 0.1558 0.0287 0.0904 0.1593 0.0403
0.0001 0.0339 0.0234 0.0229 0.0347 0.0230
0.0000 0.0008 0.0054 0.0086 0.0008 0.0576
0.0000 0.0000 0.0018 0.0016 0.0000 0.0000
0.0063 0.0003 0.0045 0.0044 0.0003 0.0498
0.0000 0.1911 0.0046 0.0179 0.1955 0.0071
0.0232 0.0276 0.0045 0.0197 0.0282 0.0095
0.0205 0.0006 0.0007 0.0005 0.0006 0.0004
0.0000 0.0216 0.0567 0.2829 0.0221 0.1946
0.1720 0.1160 0.0306 0.1105 0.0957 0.0000
0.2005 0.1998 0.0212 0.0783 0.2044 0.0381
0.1838 0.0042 0.0037 0.0031 0.0043 0.0029
0.0000 0.0150 0.0097 0.0098 0.0153 0.0101
0.0017 0.0705 0.0042 0.0044 0.0721 0.0042
0.0001 0.0000 0.0000 0.0000 0.0000 0.0010
0.0000 0.0000 0.0000 0.0000 0.0000 0.0245
0.0000 0.0000 0.0002 0.0002 0.0000 0.0006
0.0000 0.0385 0.0249 0.1993 0.0393 0.0262
0.0003 0.0398 0.0306 0.0303 0.0407 0.0319
0.0003 0.0003 0.0015 0.0025 0.0003 0.0178
0.0000 0.0005 0.0015 0.0000 0.0005 0.0218
0.0000 0.0004 0.0018 0.0000 0.0004 0.0019
0.0000 0.0002 0.0009 0.0000 0.0002 0.0103
0.0000 0.0000 0.0002 0.0000 0.0000 0.0006
0.0000 0.0000 0.0000 0.0000 0.0000 0.0000
0.0000 0.0000 0.0002 0.0000 0.0000 0.0000
0.0000 0.0010 0.0059 0.0000 0.0011 0.0000
0.0000 0.0005 0.0029 0.0000 0.0005 0.0329
0.0000 0.0016 0.0089 0.0000 0.0017 0.0256
0.0000 0.0000 0.0003 0.0000 0.0000 0.0000
0.0000 0.0000 0.0006 0.0000 0.0000 0.0024
0.0000 0.0000 0.0004 0.0000 0.0000 0.0000
0.0000 0.0000 0.0010 0.0000 0.0000 0.0006
0.0000 0.0000 0.0000 0.0000 0.0000 0.0006
0.0000 0.0001 0.0051 0.0000 0.0002 0.0000
0.0008 0.0000 0.0014 0.0000 0.0000 0.0030
0.0276 0.0033 0.0053 0.0000 0.0034 0.0010
0.0060 0.0034 0.0010 0.0000 0.0035 0.0000
0.0512 0.0006 0.1601 0.0000 0.0006 0.0062
0.0000 0.0010 0.0008 0.0000 0.0011 0.0014
0.0000 0.0056 0.0038 0.0000 0.0058 0.0047
0.0000 0.0013 0.0009 0.0000 0.0014 0.0020
0.0000 0.0007 0.0012 0.0000 0.0008 0.0103
0.0000 0.0045 0.0006 0.0000 0.0046 0.0014
0.0000 0.0000 0.0007 0.0000 0.0000 0.0022
0.0000 0.0000 0.0005 0.0000 0.0000 0.0016
0.0000 0.0000 0.0002 0.0000 0.0000 0.0008
0.0000 0.0007 0.0015 0.0000 0.0007 0.1673
0.0000 0.0000 0.0009 0.0000 0.0000 0.0188
0.0000 0.0002 0.0001 0.0000 0.0002 0.0000
0.0000 0.0000 0.0002 0.0000 0.0000 0.0000
0.0000 0.0003 0.0017 0.0000 0.0003 0.0090
0.0000 0.0000 0.0000 0.0000 0.0000 0.0000
0.0148 0.0004 0.0316 0.0000 0.0004 0.0672
0.0004 0.0027 0.1038 0.0000 0.0028 0.0000
0.0001 0.0004 0.0131 0.0000 0.0005 0.0000
0.0002 0.0010 0.0315 0.0000 0.0010 0.0000
0.0002 0.0329 0.0210 0.0000 0.0337 0.0000
0.0000 0.0002 0.0203 0.0000 0.0002 0.0000
0.0000 0.0014 0.2492 0.0000 0.0015 0.0000
0.0000 0.0000 0.0057 0.0000 0.0000 0.0000
