   1   0   1   3   1   0   1             0                 09.07.95
 1.      1.2     4.5     0.
 15.50   14.50   13.20    0.    11.43
 494.    494.    494.    0.     57.     49.     21.     92.0
 84.50   04.77   04.27   03.54   01.04   01.08   00.62   00.17    0.00
189000. 392176.8 253.45 392176.8
  28644.0       640.        0.082 0.14  0.8  0.8  0.82.39e-060.0000000.0000000   
 140.00 .0001.0007.0005.0090.0100.0040.0005.006735.000.9000.0010.0078.0095.0076
  100000000005510298
02.04.98
01.06.97


