  0.00  1.00  0.50  0.20  0.25  0.14  0.13  0.11  0.09  0.08  0.06  0.05
              0.5   0.3   0.25  0.24  0.18  0.14  0.14  0.12  0.11  0.10
                    0.20  0.25  0.24  0.19  0.15  0.14  0.12  0.11  0.10
                          0.25  0.24  0.19  0.15  0.14  0.12  0.11  0.10
                                0.14  0.18  0.16  0.14  0.12  0.11  0.10
                                      0.13  0.14  0.14  0.12  0.11  0.10
                                            0.11  0.14  0.12  0.11  0.10
                                                  0.09  0.12  0.11  0.10
                                                        0.08  0.11  0.10
                                                              0.06  0.10
                                                                    0.05
                                                                    0.00
                                                                    0.00                                                                                                                                                                            
                                                                    0.00
                                                                    0.00
                          1.00  0.4   0.33  0.25  0.15  0.15  0.04  0.02
                                0.40  0.34  0.25  0.20  0.15  0.14  0.12                                 
                                      0.20  0.25  0.20  0.20  0.04  0.18                              
                                            0.25  0.20  0.25  0.40  0.18          
                                                  0.05  0.05  0.14  0.18
                                                        0.00  0.00  0.13
                                                              0.05  0.13   
                                                                    0.03
                                                                    0.00
                    0.0   1.0   0.40  0.33  0.25  0.20  0.20  0.15  0.13                                                                                                                 
                          0.00  0.40  0.34  0.25  0.20  0.20  0.15  0.13
                    0.0   0.00  0.00  0.33  0.25  0.20  0.15  0.14  0.13
                          0.00  0.00  0.00  0.25  0.20  0.15  0.14  0.13
                                0.00  0.00  0.00  0.20  0.15  0.14  0.12
                                      0.00  0.00  0.00  0.15  0.14  0.12
                                            0.00  0.00  0.00  0.14  0.12
                                                  0.00  0.00  0.00  0.00
                                                              0.00  0.00
                                                                    0.00
                                                                    0.00
                                                                    0.00   
 H2  C1  C2  C3  nC4 nC5 nC6 nC7 nC8 nC9nC10 iC4 iC5 iC6 iC7 iC8 
iC9 iC10 ZP MZP DMZP ZG  MZG C8H C9HC10HBENZTOLYKSIL AP9AP10                          
 C1  C2  C3  C4  C5  C6  C7  C8  C9  C10 C11 C12  