1 0.0000 0.0000 0.0000 0.0000 0.0000 0.0000 0.0000 0.0000 0.0000 0.0000 0.0000
2 0.0000 0.0000 0.0000 0.0000 0.0000 0.0000 0.0000 0.0000 0.0000 0.0000 0.0000
3 0.0975 0.0836 0.0770 0.0602 0.0800 0.0957 0.0739 0.0557 0.0650 0.0957 0.1121
4 0.0000 0.0000 0.0000 0.0000 0.0000 0.0000 0.0000 0.0000 0.0000 0.0000 0.0000
5 0.0010 0.0008 0.0008 0.0006 0.0008 0.0010 0.0007 0.0006 0.0007 0.0010 0.0011
6 0.0098 0.0084 0.0077 0.0060 0.0080 0.0096 0.0074 0.0056 0.0065 0.0096 0.0112
7 0.0098 0.0084 0.0077 0.0060 0.0080 0.0096 0.0074 0.0056 0.0065 0.0096 0.0112
8 0.0010 0.0008 0.0008 0.0006 0.0008 0.0010 0.0007 0.0006 0.0007 0.0010 0.0011
9 0.0000 0.0000 0.0000 0.0000 0.0000 0.0000 0.0000 0.0000 0.0000 0.0000 0.0000
10 0.1463 0.1255 0.1156 0.1852 0.1640 0.3923 0.1515 0.1143 0.2334 0.1961 0.2300
11 0.0000 0.0000 0.0000 0.0000 0.0000 0.0000 0.0000 0.0000 0.0000 0.0000 0.0000
12 0.1463 0.1715 0.0790 0.0617 0.0820 0.0981 0.0758 0.1143 0.1334 0.1961 0.1150
13 0.0010 0.0008 0.0008 0.0006 0.0008 0.0010 0.0007 0.0006 0.0007 0.0010 0.0011
14 0.0000 0.0000 0.0000 0.0000 0.0000 0.0000 0.0000 0.0000 0.0000 0.0000 0.0000
15 0.0010 0.0008 0.0008 0.0006 0.0008 0.0010 0.0007 0.0006 0.0007 0.0010 0.0011
16 0.0001 0.0001 0.0001 0.0001 0.0001 0.0001 0.0001 0.0001 0.0001 0.0001 0.0001
17 0.0001 0.0001 0.0001 0.0001 0.0001 0.0001 0.0001 0.0001 0.0001 0.0001 0.0001
18 0.0000 0.0000 0.0000 0.0000 0.0000 0.0000 0.0000 0.0000 0.0000 0.0000 0.0000
19 0.1951 0.2573 0.2370 0.3087 0.1640 0.1961 0.1515 0.3029 0.3534 0.1961 0.1725
20 0.0488 0.0418 0.0385 0.0301 0.0400 0.0478 0.0370 0.0279 0.0325 0.0478 0.0561
21 0.0000 0.0000 0.0000 0.0000 0.0000 0.0000 0.0000 0.0000 0.0000 0.0000 0.0000
22 0.2926 0.2573 0.3949 0.3087 0.4099 0.0981 0.4546 0.3429 0.1334 0.1961 0.2300
23 0.0010 0.0008 0.0008 0.0006 0.0008 0.0010 0.0007 0.0006 0.0007 0.0010 0.0011
24 0.0488 0.0418 0.0385 0.0301 0.0400 0.0478 0.0370 0.0279 0.0325 0.0478 0.0561
