7.985119999999999996e-01
1.968560000000000032e-01
4.630999999999999700e-03
2.061189999999999967e-01
6.376290000000000013e-01
3.453769999999999896e-01
1.699300000000000116e-02
3.793639999999999790e-01
5.091250000000000497e-01
4.557379999999999765e-01
3.513600000000000056e-02
5.260110000000000063e-01
4.065540000000000265e-01
5.358950000000000102e-01
5.755099999999999799e-02
6.509960000000000191e-01
3.246660000000000101e-01
5.923119999999999497e-01
8.302099999999999758e-02
7.583550000000000013e-01
2.591720000000000135e-01
6.302590000000000137e-01
1.105690000000000006e-01
8.513969999999999594e-01
2.069360000000000088e-01
6.535670000000000091e-01
1.394980000000000109e-01
9.325620000000000021e-01
1.653239999999999987e-01
6.654400000000000315e-01
1.692359999999999975e-01
1.003910999999999998e+00
1.320489999999999997e-01
6.686590000000000034e-01
1.992909999999999959e-01
1.067242000000000024e+00
1.054439999999999961e-01
6.652310000000000167e-01
2.293260000000000021e-01
1.123882000000000048e+00
