0.0145 0.0000 0.0057 0.0000 0.0008 0.0001
0.0461 0.0015 0.0202 0.0000 0.0113 0.0048
0.1691 0.0179 0.0885 0.0728 0.0445 0.0129
0.0603 0.1593 0.0919 0.0435 0.0287 0.0165
0.0001 0.0347 0.0233 0.0248 0.0234 0.0270
0.0000 0.0008 0.0087 0.0623 0.0054 0.0041
0.0000 0.0000 0.0016 0.0000 0.0018 0.0027
0.0063 0.0003 0.0045 0.0538 0.0045 0.0013
0.0000 0.1955 0.0182 0.0076 0.0046 0.0020
0.0232 0.0282 0.0200 0.0103 0.0045 0.0028
0.0205 0.0006 0.0005 0.0004 0.0007 0.0005
0.0000 0.0221 0.2875 0.2103 0.0567 0.0372
0.1720 0.0957 0.1123 0.0000 0.0306 0.0155
0.2005 0.2044 0.0796 0.0412 0.0212 0.0121
0.1838 0.0043 0.0031 0.0031 0.0037 0.0031
0.0000 0.0153 0.0099 0.0109 0.0097 0.0097
0.0017 0.0721 0.0045 0.0045 0.0042 0.0041
0.0001 0.0000 0.0000 0.0011 0.0000 0.0000
0.0000 0.0000 0.0000 0.0264 0.0000 0.0000
0.0000 0.0000 0.0002 0.0006 0.0002 0.0000
0.0000 0.0393 0.1864 0.0283 0.0249 0.0260
0.0003 0.0407 0.0308 0.0345 0.0306 0.0323
0.0003 0.0003 0.0025 0.0192 0.0015 0.0011
0.0000 0.0005 0.0000 0.0235 0.0015 0.0011
0.0000 0.0004 0.0000 0.0020 0.0018 0.0014
0.0000 0.0002 0.0000 0.0111 0.0009 0.0007
0.0000 0.0000 0.0000 0.0006 0.0002 0.0004
0.0000 0.0000 0.0000 0.0000 0.0000 0.0000
0.0000 0.0000 0.0000 0.0000 0.0002 0.0003
0.0000 0.0011 0.0000 0.0000 0.0059 0.0044
0.0000 0.0005 0.0000 0.0355 0.0029 0.0022
0.0000 0.0017 0.0000 0.0277 0.0089 0.0066
0.0000 0.0000 0.0000 0.0000 0.0003 0.0005
0.0000 0.0000 0.0000 0.0026 0.0006 0.0009
0.0000 0.0000 0.0000 0.0000 0.0004 0.0008
0.0000 0.0000 0.0000 0.0006 0.0010 0.0018
0.0000 0.0000 0.0000 0.0006 0.0000 0.0000
0.0000 0.0002 0.0000 0.0000 0.0051 0.0221
0.0008 0.0000 0.0000 0.0032 0.0014 0.0028
0.0276 0.0034 0.0000 0.0011 0.0053 0.0007
0.0060 0.0035 0.0000 0.0000 0.0010 0.0005
0.0512 0.0006 0.0000 0.0067 0.1601 0.0076
0.0000 0.0011 0.0000 0.0015 0.0008 0.0009
0.0000 0.0058 0.0000 0.0050 0.0038 0.0041
0.0000 0.0014 0.0000 0.0022 0.0009 0.0006
0.0000 0.0008 0.0000 0.0111 0.0012 0.0009
0.0000 0.0046 0.0000 0.0015 0.0006 0.0002
0.0000 0.0000 0.0000 0.0024 0.0007 0.0002
0.0000 0.0000 0.0000 0.0017 0.0005 0.0002
0.0000 0.0000 0.0000 0.0009 0.0002 0.0001
0.0000 0.0007 0.0000 0.0997 0.0015 0.0013
0.0000 0.0000 0.0000 0.0203 0.0009 0.0008
0.0000 0.0002 0.0000 0.0000 0.0001 0.0000
0.0000 0.0000 0.0000 0.0000 0.0002 0.0000
0.0000 0.0003 0.0000 0.0097 0.0017 0.0007
0.0000 0.0000 0.0000 0.0000 0.0000 0.0001
0.0148 0.0004 0.0000 0.0727 0.0316 0.0280
0.0004 0.0028 0.0000 0.0000 0.1038 0.2364
0.0001 0.0005 0.0000 0.0000 0.0131 0.0222
0.0002 0.0010 0.0000 0.0000 0.0315 0.0531
0.0002 0.0337 0.0000 0.0000 0.0210 0.0229
0.0000 0.0002 0.0000 0.0000 0.0203 0.0278
0.0000 0.0015 0.0000 0.0000 0.2492 0.1959
0.0000 0.0000 0.0000 0.0000 0.0057 0.1329