8.045269999999999921e-01
1.807539999999999980e-01
1.471899999999999945e-02
2.101929999999999910e-01
6.472620000000000040e-01
3.005340000000000233e-01
5.220400000000000040e-02
4.049409999999999954e-01
5.207330000000000014e-01
3.749120000000000230e-01
1.043550000000000033e-01
5.836219999999999741e-01
4.189559999999999951e-01
4.158129999999999882e-01
1.652309999999999890e-01
7.462760000000000504e-01
3.370319999999999983e-01
4.326289999999999858e-01
2.303389999999999882e-01
8.933069999999999622e-01
2.711529999999999774e-01
4.321670000000000234e-01
2.966799999999999993e-01
1.025527000000000077e+00
2.181829999999999881e-01
4.197750000000000092e-01
3.620419999999999749e-01
1.143858999999999959e+00
1.755259999999999876e-01
3.996790000000000065e-01
4.247949999999999782e-01
1.249268999999999963e+00
1.412170000000000092e-01
3.746999999999999775e-01
4.840829999999999855e-01
1.342865999999999893e+00
1.136220000000000008e-01
3.470409999999999884e-01
5.393360000000000376e-01
1.425713999999999926e+00
