8.031230000000000313e-01
7.578409999999999869e-01
1.968769999999999964e-01
4.528200000000000280e-02
6.824729999999999963e-01
5.518429999999999724e-01
3.175270000000000037e-01
1.306309999999999971e-01
6.069240000000000190e-01
3.920910000000000228e-01
3.930759999999999810e-01
2.148329999999999962e-01
5.589279999999999804e-01
2.740839999999999943e-01
4.410720000000000196e-01
2.848450000000000149e-01
5.282320000000000348e-01
1.897020000000000095e-01
4.717680000000000207e-01
3.385290000000000243e-01
5.076570000000000249e-01
1.304009999999999891e-01
4.923429999999999751e-01
3.772570000000000090e-01
4.941119999999999957e-01
8.927000000000000213e-02
5.058880000000000043e-01
4.048419999999999797e-01
4.852310000000000234e-01
6.112399999999999778e-02
5.147690000000000321e-01
4.241079999999999850e-01
4.791110000000000091e-01
4.167900000000000077e-02
5.208890000000000464e-01
4.374319999999999875e-01
4.749869999999999925e-01
2.839300000000000157e-02
5.250129999999999519e-01
4.465939999999999910e-01
