   1   0   1 576   1   0   1             0       3          10.12.97
 1.      1.40    2.80    0.0
 30.00    29.40   29.40    14.0      14.0                                    давление влажность
 483.    484.    485.    4	25.     58.     27.     13.                      температура и перепады     
77.0    08.60   05.70   05.60   01.10   00.80   00.10   00.30    0.00      водород
235000. 405162.8  166.0  405162.8                                          расход газа
  40704.0       680.        0.082 0.14  0.2  0.2  0.23.59e-06                      сера
 124.00 .0001.0007.0005.0090.0100.0040.0005.0067 9.900.9000.0010.0078.0095.0076                   расход сырья
  100000000003320176   
 10.12.97
 10.06.97











































