16.0 30.  44.  58.  72.  86.  100. 114. 128. 142. 156. 170.
0.1  0.1  0.1  0.1  70.  84.   98. 112. 126. 140. 154. 168.
0.1  0.1  0.1  0.1 0.1   78.   92. 106. 120. 134. 148. 162.
0.19820E-02

   0.  101.  100.   92.   61.   24.    0.  -20.  -20.  -45.    1.    7.00
   93.  93.   95.   99.   90.   74.   50.   55.   30.   10.    0.    0.
   74.   93.   0.    0.   87.   82.   60.   38.   28.   24.    0.    0.
   50.   88.  83.   88.    0.   77.   74.   58.   29.   10.    0.    0.
   0.    0.    0.    0.    0.  108.  103.  117.  132.  136.    0.    0.

   0.  107.  106.   93.6  62.7  26.    0.  01.   01.   01.  1.29  0.20
  102.  92.  98.  102.   93.3  78.   75.   66.   51.   35.   2.2  0.
   76. 102.   0.    0.   90.   91.   75.   48.   38.   24.   8.0  0.
   55.  99.  83.   99.    0.   85.   77.   59.   39.   15.   .011  0.
   0.    0.    0.    0.    0.  113.  120.  119.  134.  139.  .011  0.

    0.669    0.183    0.132    0.160    0.166    0.180    0.184
    0.189    0.146    0.196    0.198    0.201 .506E-02 .624E-02
0.593E-02 .583E-02 .579E-02 .574E-02 .571E-02 .569E-02 .581E-02
0.566E-02 .565E-02 .564E-02-.118E-05-.205E-05-.211E-05-.210E-05
-.211E-05-.210E-05-.210E-05-.210E-05-.218E-05-.210E-05-.209E-05
-.209E-05    0.0      0.0      0.0   .141E-00 .203E 01 .822E-01
 .167E-00 .170E-00 .234E-00 .175E-00 .624E 00 .964E 00    0.0
    0.0      0.0   .596E-02 .680E-03 .608E-02 .578E-02 .576E-02
 .563E-02 .579E-02 .446E-02 .357E-02    0.0      0.0      0.0
-.220E-05 .169E-05-.234E-05-.215E-05-.215E-05-.206E-05-.218E-05
-.129E-05-.721E-06    0.0      0.0      0.0      0.0  -.525E 00
-.319E-00-.254E-00-.113E-00-.160E-00-.122E-00-.908E-01-.631E-01
    0.0      0.0      0.0      0.0   .666E-02 .634E-02 .639E-02
 .592E-02 .610E-02 .604E-02 .599E-02 .596E-02    0.0      0.0
    0.0      0.0  -.258E-05-.244E-05-.252E-05-.218E-05-.232E-05
-.229E-05-.228E-05-.226E-05    0.0      0.0      0.0      0.0
    0.0  -.647E 00-.397E-00-.401E-00-.421E-00-.458E-00-.125E-00
-.792E-01    0.0      0.0      0.0      0.0      0.0   .726E-02
 .686E-02 .694E-02 .704E-02 .750E-02 .634E-02 .622E-02    0.0
    0.0      0.0      0.0      0.0  -.286E-05-.269E-05-.276E-05
-.287E-05-.337E-05-.249E-05-.242E-05    0.0      0.0      0.
    0.0      0.0  -.110E-00 .339E-00 .139E-02 .280E-01 0.16
 .644E 00 .165E-00    0.0      0.0      0.0      0.0      0.
 .471E-02 .329E-02 .479E-02 .486E-02 .470E-02 .361E-02 .493e-02
0.0        0.0      0.0      0.0      0.0    -.193E-05-.666e-06
-.187E-05-.188E-05-.177E-05-.107E-05-.191E-05

   0.717     1.357     2.019     2.703   626.0     659.0
 684.0     703.0     718.0     730.0     740.0     749.0
   0.0       0.0       0.0       2.703   606.0     657.0
 685.0     707.0     726.0     731.0     741.0     754.0
   0.0       0.0       0.0       0.0     745.0     749.0
 756.0     776.0     785.0     791.0     792.0     794.0
   0.0       0.0       0.0       0.0       0.0     778.0
 769.0     788.0     797.0     805.0     812.0     819.0
   0.0       0.0       0.0       0.0       0.0     879.0
 867.0     968.0     867.0     861.0     877.0     861.0

 
 
  


                              
                          
  


                              

 
                          
  













                              14.10.93  
 
                          
  
