                    .00
                    .00
                    .00
                    .00
                    .01
                    .01
                    .00
                    .01
                    .01
                    .15
                    .20
                    .52
                    .91
                    .00
                    .30
                    .26
                    .03
                    .05
                   3.52
                   1.81
                    .48
                   2.85
                   1.50
                   1.76
                   2.94
                   9.07
                    .43
                    .00
                    .00
                   5.70
                    .09
                    .15
                    .93
                    .00
                    .14
                    .00
                   1.84
                    .13
                    .00
                    .00
                    .00
                    .00
                    .00
                    .00
                    .00
                    .00
                    .13
                   1.41
                    .49
                    .14
                    .17
                    .12
                    .49
                    .03
                    .06
                   1.49
                    .91
                    .74
                   3.07
                   2.34
                   1.23
                    .59
                   2.16
                   7.83
                    .99
                   3.09
                   7.22
                  29.49
                   6.53
                    .00
                    .07
                    .82
                   1.76
                   2.68
                   2.06
                    .18
                    .11
                    .32
                   1.91
                   1.47
                   2.24
                   1.31
                    .36
                    .57
                   4.40
                    .04
                    .34
                    .10
                   3.73
                   1.39
                   4.66
                    .17
                    .64
                    .25
                   4.29
                    .10
                    .02
                    .00
                    .16
                    .08
                    .11
                    .13
                    .02
                    .00
                    .00
                  16.73
                    .02
                    .00
                    .10
                    .00
                    .00
                    .31
                    .15
                    .05
                    .48
                    .10
                    .36
                    .01
                    .03
                    .06
                    .07
                    .09
                    .09
                    .05
                    .18
                    .16
                    .16
                   3.52
                    .02
                    .06
                   2.21
                   5.66
                   2.57
                   2.53
                    .03
                    .54
                  27.17
                  23.85
                 100.00
                 100.00
                   7.99
                   5.00
                    .00
                    .00
