5.926510000000000389e-01
2.332849999999999924e-01
1.740629999999999955e-01
2.814119999999999955e-01
4.390499999999999958e-01
2.773539999999999894e-01
2.835960000000000147e-01
5.445449999999999458e-01
3.252490000000000103e-01
2.742519999999999958e-01
4.005000000000000226e-01
7.752510000000000234e-01
2.409590000000000065e-01
2.482300000000000062e-01
5.108110000000000150e-01
9.698520000000000474e-01
1.784959999999999880e-01
2.136379999999999946e-01
6.078660000000000174e-01
1.129369000000000067e+00
1.322460000000000024e-01
1.776540000000000064e-01
6.900990000000000180e-01
1.257853000000000110e+00
9.795600000000000140e-02
1.444979999999999876e-01
7.575460000000000527e-01
1.359590000000000076e+00
7.258199999999999374e-02
1.153779999999999945e-01
8.120389999999999553e-01
1.439456999999999987e+00
5.377200000000000035e-02
9.099799999999999556e-02
8.552300000000000457e-01
1.501459000000000099e+00
3.983600000000000335e-02
7.104699999999999904e-02
8.891160000000000174e-01
1.549279999999999990e+00
