7.639690000000000092e-01
7.424020000000000064e-01
2.144649999999999890e-01
2.156699999999999937e-02
6.239789999999999504e-01
5.647710000000000230e-01
3.168139999999999845e-01
5.920799999999999674e-02
5.341879999999999962e-01
4.378799999999999915e-01
3.695039999999999991e-01
9.630800000000000471e-02
4.739300000000000179e-01
3.447399999999999909e-01
3.968789999999999818e-01
1.291910000000000003e-01
4.304459999999999953e-01
2.742859999999999743e-01
4.133930000000000105e-01
1.561599999999999933e-01
3.986999999999999988e-01
2.202620000000000133e-01
4.228620000000000156e-01
1.784380000000000133e-01
3.750640000000000085e-01
1.782739999999999880e-01
4.281469999999999998e-01
1.967899999999999927e-01
3.567389999999999728e-01
1.449840000000000018e-01
4.315069999999999739e-01
2.117549999999999988e-01
3.424309999999999854e-01
1.184209999999999985e-01
4.335579999999999989e-01
2.240099999999999869e-01
3.311569999999999792e-01
9.708200000000000163e-02
4.347690000000000166e-01
2.340750000000000053e-01
