6.615959999999999619e-01
6.265950000000000131e-01
3.034020000000000050e-01
3.500099999999999739e-02
5.058409999999999851e-01
4.219780000000000197e-01
4.102970000000000228e-01
8.386200000000000598e-02
4.208299999999999819e-01
2.964209999999999900e-01
4.547610000000000263e-01
1.244090000000000057e-01
3.691459999999999742e-01
2.138680000000000025e-01
4.755759999999999987e-01
1.552779999999999994e-01
3.354960000000000164e-01
1.570239999999999969e-01
4.860329999999999928e-01
1.784709999999999908e-01
3.125979999999999870e-01
1.167310000000000014e-01
4.915359999999999729e-01
1.958660000000000123e-01
2.966480000000000228e-01
8.767400000000000193e-02
4.943779999999999841e-01
2.089739999999999931e-01
2.850449999999999928e-01
6.615699999999999359e-02
4.960669999999999802e-01
2.188879999999999992e-01
2.766040000000000165e-01
5.020399999999999863e-02
4.969950000000000201e-01
2.264009999999999911e-01
2.703740000000000032e-01
3.826000000000000234e-02
4.975120000000000098e-01
2.321139999999999870e-01
