6.442890000000000006e-01
5.883840000000000181e-01
2.998049999999999882e-01
5.590500000000000330e-02
4.938879999999999937e-01
3.689569999999999794e-01
3.811800000000000188e-01
1.249310000000000004e-01
4.163660000000000139e-01
2.409949999999999870e-01
4.082629999999999870e-01
1.753709999999999991e-01
3.722889999999999810e-01
1.619289999999999896e-01
4.173499999999999988e-01
2.103599999999999914e-01
3.447790000000000021e-01
1.104959999999999970e-01
4.209390000000000076e-01
2.342819999999999903e-01
3.272570000000000201e-01
7.646400000000000419e-02
4.219499999999999917e-01
2.507929999999999882e-01
3.154959999999999987e-01
5.321200000000000235e-02
4.222190000000000110e-01
2.622840000000000171e-01
3.075800000000000201e-01
3.728900000000000270e-02
4.221289999999999765e-01
2.702910000000000035e-01
3.021480000000000277e-01
2.624299999999999897e-02
4.219479999999999897e-01
2.759039999999999826e-01
2.983589999999999853e-01
1.849500000000000102e-02
4.217770000000000130e-01
2.798640000000000017e-01
