6.575199999999999934e-01
6.178979999999999473e-01
3.028580000000000161e-01
3.962199999999999750e-02
5.028860000000000552e-01
4.094749999999999779e-01
4.037029999999999785e-01
9.341099999999999404e-02
4.197080000000000255e-01
2.828860000000000263e-01
4.434710000000000041e-01
1.368209999999999982e-01
3.698150000000000048e-01
2.007379999999999998e-01
4.611080000000000179e-01
1.690770000000000051e-01
3.376629999999999909e-01
1.448820000000000108e-01
4.695550000000000002e-01
1.927810000000000079e-01
3.161059999999999981e-01
1.058970000000000050e-01
4.736850000000000227e-01
2.102090000000000070e-01
3.012380000000000058e-01
7.815099999999999825e-02
4.756759999999999877e-01
2.230870000000000075e-01
2.905730000000000257e-01
5.792200000000000126e-02
4.767750000000000044e-01
2.326519999999999977e-01
2.829510000000000081e-01
4.319400000000000323e-02
4.772919999999999940e-01
2.397569999999999979e-01
2.773979999999999779e-01
3.233599999999999669e-02
4.775389999999999913e-01
2.450630000000000031e-01
