6.835860000000000269e-01
6.505349999999999744e-01
2.833620000000000028e-01
3.305099999999999705e-02
5.296440000000000037e-01
4.484870000000000245e-01
3.891990000000000172e-01
8.115700000000000691e-02
4.435700000000000198e-01
3.209190000000000098e-01
4.337799999999999989e-01
1.226509999999999961e-01
3.896209999999999951e-01
2.349509999999999932e-01
4.557100000000000040e-01
1.546700000000000019e-01
3.543399999999999883e-01
1.750809999999999866e-01
4.664010000000000100e-01
1.792590000000000017e-01
3.297479999999999856e-01
1.318130000000000135e-01
4.723169999999999868e-01
1.979349999999999998e-01
3.124370000000000203e-01
1.002350000000000046e-01
4.753600000000000048e-01
2.122030000000000027e-01
2.998540000000000094e-01
7.671699999999999353e-02
4.770099999999999896e-01
2.231360000000000010e-01
2.904809999999999892e-01
5.894100000000000034e-02
4.779800000000000160e-01
2.315399999999999958e-01
2.834709999999999730e-01
4.545600000000000335e-02
4.785130000000000217e-01
2.380160000000000053e-01
