7.341159999999999908e-01
7.039459999999999607e-01
2.357140000000000069e-01
3.016999999999999890e-02
5.885010000000000518e-01
5.103760000000000518e-01
3.333740000000000037e-01
7.812500000000000000e-02
5.010799999999999699e-01
3.788480000000000181e-01
3.766880000000000228e-01
1.222319999999999934e-01
4.439790000000000125e-01
2.860579999999999790e-01
3.981000000000000094e-01
1.579210000000000058e-01
4.049619999999999886e-01
2.188829999999999942e-01
4.089599999999999902e-01
1.860779999999999934e-01
3.776220000000000132e-01
1.693409999999999915e-01
4.140960000000000196e-01
2.082809999999999939e-01
3.573770000000000002e-01
1.318070000000000075e-01
4.170539999999999803e-01
2.255699999999999927e-01
3.423629999999999729e-01
1.032259999999999983e-01
4.184999999999999831e-01
2.391369999999999885e-01
3.311230000000000007e-01
8.131499999999999839e-02
4.190699999999999981e-01
2.498080000000000023e-01
3.224589999999999956e-01
6.422700000000000631e-02
4.193100000000000160e-01
2.582320000000000171e-01
