7.577129999999999699e-01
7.231469999999999843e-01
2.077209999999999890e-01
3.456599999999999950e-02
6.192919999999999536e-01
5.293400000000000327e-01
2.907560000000000144e-01
8.995200000000000418e-02
5.338770000000000460e-01
3.936339999999999839e-01
3.258800000000000030e-01
1.402430000000000065e-01
4.773640000000000105e-01
2.967350000000000265e-01
3.420070000000000054e-01
1.806290000000000118e-01
4.388009999999999966e-01
2.263310000000000044e-01
3.487299999999999844e-01
2.124689999999999912e-01
4.123410000000000131e-01
1.745809999999999862e-01
3.498979999999999868e-01
2.377610000000000001e-01
3.925210000000000088e-01
1.354589999999999961e-01
3.504169999999999785e-01
2.570620000000000127e-01
3.774919999999999942e-01
1.055699999999999972e-01
3.505869999999999820e-01
2.719210000000000238e-01
3.662460000000000160e-01
8.273300000000000098e-02
3.502399999999999958e-01
2.835130000000000150e-01
3.576679999999999859e-01
6.507300000000000584e-02
3.497359999999999913e-01
2.925949999999999940e-01
