7.071300000000000363e-01
6.793449999999999767e-01
2.650859999999999883e-01
2.778500000000000067e-02
5.552740000000000453e-01
4.844769999999999910e-01
3.739279999999999826e-01
7.079699999999999882e-02
4.670179999999999887e-01
3.570340000000000180e-01
4.229979999999999851e-01
1.099839999999999984e-01
4.099090000000000233e-01
2.685139999999999749e-01
4.486959999999999837e-01
1.413949999999999929e-01
3.715959999999999819e-01
2.052609999999999990e-01
4.620679999999999787e-01
1.663360000000000116e-01
3.445250000000000257e-01
1.586120000000000030e-01
4.695630000000000082e-01
1.859119999999999939e-01
3.247829999999999884e-01
1.235170000000000018e-01
4.739510000000000112e-01
2.012660000000000005e-01
3.102909999999999835e-01
9.693499999999999339e-02
4.763539999999999996e-01
2.133549999999999891e-01
2.993199999999999750e-01
7.642300000000000482e-02
4.777819999999999845e-01
2.228980000000000128e-01
2.908810000000000007e-01
6.043400000000000161e-02
4.786719999999999864e-01
2.304470000000000129e-01
