5.635949999999999571e-01
5.446490000000000498e-01
4.174599999999999977e-01
1.894600000000000103e-02
3.994240000000000013e-01
3.563259999999999761e-01
5.574789999999999468e-01
4.309799999999999742e-02
3.159179999999999766e-01
2.530290000000000039e-01
6.211940000000000239e-01
6.288900000000000046e-02
2.662289999999999934e-01
1.878199999999999870e-01
6.553630000000000289e-01
7.840900000000000647e-02
2.342180000000000095e-01
1.436099999999999877e-01
6.751740000000000519e-01
9.060799999999999410e-02
2.120039999999999980e-01
1.117670000000000052e-01
6.877600000000000380e-01
1.002360000000000056e-01
1.962150000000000005e-01
8.831200000000000161e-02
6.958830000000000293e-01
1.079029999999999989e-01
1.844739999999999991e-01
7.042600000000000249e-02
7.014789999999999637e-01
1.140469999999999956e-01
1.755559999999999898e-01
5.655999999999999917e-02
7.054470000000000462e-01
1.189970000000000055e-01
1.686930000000000096e-01
4.569100000000000245e-02
7.083059999999999912e-01
1.230009999999999992e-01
