6.696670000000000122e-01
6.177249999999999686e-01
2.783909999999999996e-01
5.194200000000000206e-02
5.199129999999999585e-01
4.003329999999999944e-01
3.605059999999999931e-01
1.195810000000000067e-01
4.399480000000000057e-01
2.686140000000000194e-01
3.887169999999999792e-01
1.713339999999999863e-01
3.931669999999999887e-01
1.848670000000000035e-01
3.985330000000000261e-01
2.083000000000000129e-01
3.634780000000000233e-01
1.291970000000000063e-01
4.022410000000000152e-01
2.342809999999999893e-01
3.439670000000000227e-01
9.136299999999999977e-02
4.034289999999999821e-01
2.526039999999999952e-01
3.307910000000000017e-01
6.516199999999999770e-02
4.035790000000000211e-01
2.656290000000000040e-01
3.216040000000000010e-01
4.664999999999999702e-02
4.034429999999999961e-01
2.749539999999999762e-01
3.152249999999999774e-01
3.360899999999999999e-02
4.031589999999999896e-01
2.816159999999999775e-01
3.106849999999999890e-01
2.426100000000000131e-02
4.028919999999999724e-01
2.864229999999999832e-01
