0.0007 0.0001 0.0139 0.0000 0.0056 0.0000
0.0104 0.0053 0.0443 0.0014 0.0199 0.0000
0.0410 0.0142 0.1624 0.0175 0.0871 0.0674
0.0264 0.0182 0.0579 0.1558 0.0904 0.0403
0.0215 0.0298 0.0001 0.0339 0.0229 0.0230
0.0050 0.0045 0.0000 0.0008 0.0086 0.0576
0.0017 0.0030 0.0000 0.0000 0.0016 0.0000
0.0041 0.0014 0.0060 0.0003 0.0044 0.0498
0.0043 0.0022 0.0000 0.1911 0.0179 0.0071
0.0041 0.0031 0.0223 0.0276 0.0197 0.0095
0.0006 0.0005 0.0197 0.0006 0.0005 0.0004
0.0523 0.0410 0.0000 0.0216 0.2829 0.1946
0.0281 0.0171 0.1810 0.1160 0.1105 0.0000
0.0196 0.0133 0.1925 0.1998 0.0783 0.0381
0.0034 0.0034 0.2003 0.0042 0.0031 0.0029
0.0089 0.0107 0.0000 0.0150 0.0098 0.0101
0.0039 0.0045 0.0016 0.0705 0.0044 0.0042
0.0000 0.0000 0.0001 0.0000 0.0000 0.0010
0.0000 0.0000 0.0000 0.0000 0.0000 0.0245
0.0002 0.0000 0.0000 0.0000 0.0002 0.0006
0.0229 0.0287 0.0000 0.0385 0.1993 0.0262
0.0282 0.0357 0.0003 0.0398 0.0303 0.0319
0.0014 0.0012 0.0003 0.0003 0.0025 0.0178
0.0013 0.0012 0.0000 0.0005 0.0000 0.0218
0.0017 0.0015 0.0000 0.0004 0.0000 0.0019
0.0008 0.0007 0.0000 0.0002 0.0000 0.0103
0.0002 0.0004 0.0000 0.0000 0.0000 0.0006
0.0000 0.0000 0.0000 0.0000 0.0000 0.0000
0.0002 0.0003 0.0000 0.0000 0.0000 0.0000
0.0054 0.0048 0.0000 0.0010 0.0000 0.0000
0.0027 0.0025 0.0000 0.0005 0.0000 0.0329
0.0082 0.0073 0.0000 0.0016 0.0000 0.0256
0.0003 0.0005 0.0000 0.0000 0.0000 0.0000
0.0006 0.0010 0.0000 0.0000 0.0000 0.0024
0.0004 0.0009 0.0000 0.0000 0.0000 0.0000
0.0009 0.0020 0.0000 0.0000 0.0000 0.0006
0.0000 0.0000 0.0000 0.0000 0.0000 0.0006
0.0047 0.0243 0.0000 0.0001 0.0000 0.0000
0.0013 0.0031 0.0008 0.0000 0.0000 0.0030
0.0049 0.0008 0.0265 0.0033 0.0000 0.0010
0.0009 0.0005 0.0057 0.0034 0.0000 0.0000
0.2263 0.0084 0.0491 0.0006 0.0000 0.0062
0.0007 0.0010 0.0000 0.0010 0.0000 0.0014
0.0035 0.0045 0.0000 0.0056 0.0000 0.0047
0.0009 0.0006 0.0000 0.0013 0.0000 0.0020
0.0011 0.0010 0.0000 0.0007 0.0000 0.0103
0.0006 0.0002 0.0000 0.0045 0.0000 0.0014
0.0006 0.0002 0.0000 0.0000 0.0000 0.0022
0.0005 0.0002 0.0000 0.0000 0.0000 0.0016
0.0002 0.0001 0.0000 0.0000 0.0000 0.0008
0.0014 0.0014 0.0000 0.0007 0.0000 0.1673
0.0009 0.0009 0.0000 0.0000 0.0000 0.0188
0.0001 0.0000 0.0000 0.0002 0.0000 0.0000
0.0002 0.0000 0.0000 0.0000 0.0000 0.0000
0.0016 0.0008 0.0000 0.0003 0.0000 0.0090
0.0000 0.0001 0.0000 0.0000 0.0000 0.0000
0.0291 0.0309 0.0142 0.0004 0.0000 0.0672
0.0956 0.2608 0.0004 0.0027 0.0000 0.0000
0.0121 0.0245 0.0001 0.0004 0.0000 0.0000
0.0290 0.0586 0.0002 0.0010 0.0000 0.0000
0.0193 0.0253 0.0002 0.0329 0.0000 0.0000
0.0187 0.0306 0.0000 0.0002 0.0000 0.0000
0.2295 0.1130 0.0000 0.0014 0.0000 0.0000
0.0053 0.1466 0.0000 0.0000 0.0000 0.0000