6.658730000000000482e-01
6.546739999999999782e-01
3.229279999999999928e-01
1.119900000000000062e-02
5.028730000000000144e-01
4.739740000000000064e-01
4.682279999999999776e-01
2.889900000000000108e-02
4.081119999999999748e-01
3.624140000000000139e-01
5.461899999999999533e-01
4.569800000000000251e-02
3.469320000000000181e-01
2.866020000000000234e-01
5.927379999999999871e-01
6.033000000000000168e-02
3.046900000000000164e-01
2.318729999999999958e-01
6.224939999999999918e-01
7.281600000000000572e-02
2.739610000000000101e-01
1.905620000000000092e-01
6.426399999999999890e-01
8.339900000000000091e-02
2.510839999999999739e-01
1.586819999999999897e-01
6.565140000000000420e-01
9.240199999999999803e-02
2.333490000000000009e-01
1.332859999999999878e-01
6.665889999999999871e-01
1.000629999999999992e-01
2.193340000000000012e-01
1.127340000000000009e-01
6.740660000000000540e-01
1.066000000000000003e-01
2.081099999999999894e-01
9.591099999999999626e-02
6.796900000000000164e-01
1.121999999999999942e-01
