0.0151 0.0481 0.1764 0.0629 0.0001 0.0000 0.0000 0.0066 0.0000 0.0242 0.0214 0.0000 0.2225 0.2091 0.1055 0.0000 0.0017 0.0001 0.0000 0.0000 0.0000 0.0003 0.0003 0.0000 0.0000 0.0000 0.0000 0.0000 0.0000 0.0000 0.0000 0.0000 0.0000 0.0000 0.0000 0.0000 0.0000 0.0000 0.0009 0.0288 0.0062 0.0534 0.0000 0.0000 0.0000 0.0000 0.0000 0.0000 0.0000 0.0000 0.0000 0.0000 0.0000 0.0000 0.0000 0.0000 0.0154 0.0004 0.0001 0.0003 0.0002 0.0000 0.0000 0.0000
0.0000 0.0014 0.0177 0.1575 0.0343 0.0008 0.0000 0.0003 0.2690 0.0279 0.0006 0.0218 0.0946 0.2020 0.0042 0.0152 0.0071 0.0000 0.0000 0.0000 0.0389 0.0402 0.0003 0.0005 0.0004 0.0002 0.0000 0.0000 0.0000 0.0011 0.0005 0.0017 0.0000 0.0000 0.0000 0.0000 0.0000 0.0002 0.0000 0.0033 0.0035 0.0006 0.0011 0.0057 0.0014 0.0008 0.0045 0.0000 0.0000 0.0000 0.0007 0.0000 0.0002 0.0000 0.0003 0.0000 0.0004 0.0027 0.0005 0.0010 0.0333 0.0002 0.0014 0.0000
0.0009 0.0132 0.0520 0.0335 0.0273 0.0063 0.0021 0.0052 0.0054 0.0052 0.0008 0.0663 0.0357 0.0248 0.0043 0.0113 0.0049 0.0000 0.0000 0.0002 0.0291 0.0358 0.0018 0.0017 0.0021 0.0010 0.0002 0.0000 0.0002 0.0069 0.0034 0.0104 0.0004 0.0007 0.0005 0.0012 0.0000 0.0059 0.0016 0.0062 0.0012 0.0187 0.0009 0.0044 0.0011 0.0014 0.0007 0.0008 0.0006 0.0002 0.0018 0.0011 0.0001 0.0002 0.0020 0.0000 0.0369 0.2213 0.0153 0.0368 0.0245 0.0237 0.1911 0.0067
0.0001 0.0051 0.0138 0.0177 0.0289 0.0044 0.0029 0.0014 0.0021 0.0030 0.0005 0.0398 0.0166 0.0129 0.0033 0.0104 0.0044 0.0000 0.0000 0.0000 0.0278 0.0346 0.0012 0.0012 0.0015 0.0007 0.0004 0.0000 0.0003 0.0047 0.0024 0.0071 0.0005 0.0010 0.0009 0.0019 0.0000 0.0236 0.0030 0.0008 0.0005 0.0081 0.0010 0.0044 0.0006 0.0010 0.0002 0.0002 0.0002 0.0001 0.0014 0.0009 0.0000 0.0000 0.0008 0.0001 0.0300 0.1830 0.0238 0.0568 0.0245 0.0297 0.2096 0.1422
0.0062 0.0220 0.0962 0.0999 0.0254 0.0095 0.0018 0.0049 0.0198 0.0218 0.0005 0.3127 0.1221 0.0866 0.0034 0.0108 0.0049 0.0000 0.0000 0.0003 0.1150 0.0335 0.0027 0.0000 0.0000 0.0000 0.0000 0.0000 0.0000 0.0000 0.0000 0.0000 0.0000 0.0000 0.0000 0.0000 0.0000 0.0000 0.0000 0.0000 0.0000 0.0000 0.0000 0.0000 0.0000 0.0000 0.0000 0.0000 0.0000 0.0000 0.0000 0.0000 0.0000 0.0000 0.0000 0.0000 0.0000 0.0000 0.0000 0.0000 0.0000 0.0000 0.0000 0.0000
0.0000 0.0000 0.0808 0.0483 0.0276 0.0691 0.0000 0.0598 0.0085 0.0114 0.0005 0.1435 0.0000 0.0457 0.0034 0.0122 0.0050 0.0012 0.0294 0.0007 0.0314 0.0383 0.0213 0.0261 0.0023 0.0123 0.0007 0.0000 0.0000 0.0000 0.0394 0.0307 0.0000 0.0029 0.0000 0.0007 0.0007 0.0000 0.0036 0.0012 0.0000 0.0075 0.0017 0.0056 0.0024 0.0123 0.0017 0.0026 0.0019 0.0010 0.1107 0.0023 0.0000 0.0000 0.0108 0.0000 0.0807 0.0000 0.0000 0.0000 0.0000 0.0000 0.0000 0.0000
0.0145 0.0461 0.1691 0.0603 0.0001 0.0000 0.0000 0.0063 0.0000 0.0232 0.0205 0.0000 0.1720 0.2005 0.1838 0.0000 0.0017 0.0001 0.0000 0.0000 0.0000 0.0003 0.0003 0.0000 0.0000 0.0000 0.0000 0.0000 0.0000 0.0000 0.0000 0.0000 0.0000 0.0000 0.0000 0.0000 0.0000 0.0000 0.0008 0.0276 0.0060 0.0512 0.0000 0.0000 0.0000 0.0000 0.0000 0.0000 0.0000 0.0000 0.0000 0.0000 0.0000 0.0000 0.0000 0.0000 0.0148 0.0004 0.0001 0.0002 0.0002 0.0000 0.0000 0.0000
0.0000 0.0015 0.0179 0.1593 0.0347 0.0008 0.0000 0.0003 0.1955 0.0282 0.0006 0.0221 0.0957 0.2044 0.0043 0.0153 0.0721 0.0000 0.0000 0.0000 0.0393 0.0407 0.0003 0.0005 0.0004 0.0002 0.0000 0.0000 0.0000 0.0011 0.0005 0.0017 0.0000 0.0000 0.0000 0.0000 0.0000 0.0002 0.0000 0.0034 0.0035 0.0006 0.0011 0.0058 0.0014 0.0008 0.0046 0.0000 0.0000 0.0000 0.0007 0.0000 0.0002 0.0000 0.0003 0.0000 0.0004 0.0028 0.0005 0.0010 0.0337 0.0002 0.0015 0.0000
0.0057 0.0202 0.0885 0.0919 0.0233 0.0087 0.0016 0.0045 0.0182 0.0200 0.0005 0.2875 0.1123 0.0796 0.0031 0.0099 0.0045 0.0000 0.0000 0.0002 0.1864 0.0308 0.0025 0.0000 0.0000 0.0000 0.0000 0.0000 0.0000 0.0000 0.0000 0.0000 0.0000 0.0000 0.0000 0.0000 0.0000 0.0000 0.0000 0.0000 0.0000 0.0000 0.0000 0.0000 0.0000 0.0000 0.0000 0.0000 0.0000 0.0000 0.0000 0.0000 0.0000 0.0000 0.0000 0.0000 0.0000 0.0000 0.0000 0.0000 0.0000 0.0000 0.0000 0.0000
0.0000 0.0000 0.0728 0.0435 0.0248 0.0623 0.0000 0.0538 0.0076 0.0103 0.0004 0.2103 0.0000 0.0412 0.0031 0.0109 0.0045 0.0011 0.0264 0.0006 0.0283 0.0345 0.0192 0.0235 0.0020 0.0111 0.0006 0.0000 0.0000 0.0000 0.0355 0.0277 0.0000 0.0026 0.0000 0.0006 0.0006 0.0000 0.0032 0.0011 0.0000 0.0067 0.0015 0.0050 0.0022 0.0111 0.0015 0.0024 0.0017 0.0009 0.0997 0.0203 0.0000 0.0000 0.0097 0.0000 0.0727 0.0000 0.0000 0.0000 0.0000 0.0000 0.0000 0.0000
0.0008 0.0113 0.0445 0.0287 0.0234 0.0054 0.0018 0.0045 0.0046 0.0045 0.0007 0.0567 0.0306 0.0212 0.0037 0.0097 0.0042 0.0000 0.0000 0.0002 0.0249 0.0306 0.0015 0.0015 0.0018 0.0009 0.0002 0.0000 0.0002 0.0059 0.0029 0.0089 0.0003 0.0006 0.0004 0.0010 0.0000 0.0051 0.0014 0.0053 0.0010 0.1601 0.0008 0.0038 0.0009 0.0012 0.0006 0.0007 0.0005 0.0002 0.0015 0.0009 0.0001 0.0002 0.0017 0.0000 0.0316 0.1038 0.0131 0.0315 0.0210 0.0203 0.2492 0.0057
0.0001 0.0048 0.0129 0.0165 0.0270 0.0041 0.0027 0.0013 0.0020 0.0028 0.0005 0.0372 0.0155 0.0121 0.0031 0.0097 0.0041 0.0000 0.0000 0.0000 0.0260 0.0323 0.0011 0.0011 0.0014 0.0007 0.0004 0.0000 0.0003 0.0044 0.0022 0.0066 0.0005 0.0009 0.0008 0.0018 0.0000 0.0221 0.0028 0.0007 0.0005 0.0076 0.0009 0.0041 0.0006 0.0009 0.0002 0.0002 0.0002 0.0001 0.0013 0.0008 0.0000 0.0000 0.0007 0.0001 0.0280 0.2364 0.0222 0.0531 0.0229 0.0278 0.1959 0.1329
0.0139 0.0443 0.1624 0.0579 0.0001 0.0000 0.0000 0.0060 0.0000 0.0223 0.0197 0.0000 0.1810 0.1925 0.2003 0.0000 0.0016 0.0001 0.0000 0.0000 0.0000 0.0003 0.0003 0.0000 0.0000 0.0000 0.0000 0.0000 0.0000 0.0000 0.0000 0.0000 0.0000 0.0000 0.0000 0.0000 0.0000 0.0000 0.0008 0.0265 0.0057 0.0491 0.0000 0.0000 0.0000 0.0000 0.0000 0.0000 0.0000 0.0000 0.0000 0.0000 0.0000 0.0000 0.0000 0.0000 0.0142 0.0004 0.0001 0.0002 0.0002 0.0000 0.0000 0.0000
0.0000 0.0014 0.0175 0.1558 0.0339 0.0008 0.0000 0.0003 0.1911 0.0276 0.0006 0.0216 0.1160 0.1998 0.0042 0.0150 0.0705 0.0000 0.0000 0.0000 0.0385 0.0398 0.0003 0.0005 0.0004 0.0002 0.0000 0.0000 0.0000 0.0010 0.0005 0.0016 0.0000 0.0000 0.0000 0.0000 0.0000 0.0001 0.0000 0.0033 0.0034 0.0006 0.0010 0.0056 0.0013 0.0007 0.0045 0.0000 0.0000 0.0000 0.0007 0.0000 0.0002 0.0000 0.0003 0.0000 0.0004 0.0027 0.0004 0.0010 0.0329 0.0002 0.0014 0.0000
0.0056 0.0199 0.0871 0.0904 0.0229 0.0086 0.0016 0.0044 0.0179 0.0197 0.0005 0.2829 0.1105 0.0783 0.0031 0.0098 0.0044 0.0000 0.0000 0.0002 0.1993 0.0303 0.0025 0.0000 0.0000 0.0000 0.0000 0.0000 0.0000 0.0000 0.0000 0.0000 0.0000 0.0000 0.0000 0.0000 0.0000 0.0000 0.0000 0.0000 0.0000 0.0000 0.0000 0.0000 0.0000 0.0000 0.0000 0.0000 0.0000 0.0000 0.0000 0.0000 0.0000 0.0000 0.0000 0.0000 0.0000 0.0000 0.0000 0.0000 0.0000 0.0000 0.0000 0.0000
0.0000 0.0000 0.0674 0.0403 0.0230 0.0576 0.0000 0.0498 0.0071 0.0095 0.0004 0.1946 0.0000 0.0381 0.0029 0.0101 0.0042 0.0010 0.0245 0.0006 0.0262 0.0319 0.0178 0.0218 0.0019 0.0103 0.0006 0.0000 0.0000 0.0000 0.0329 0.0256 0.0000 0.0024 0.0000 0.0006 0.0006 0.0000 0.0030 0.0010 0.0000 0.0062 0.0014 0.0047 0.0020 0.0103 0.0014 0.0022 0.0016 0.0008 0.1673 0.0188 0.0000 0.0000 0.0090 0.0000 0.0672 0.0000 0.0000 0.0000 0.0000 0.0000 0.0000 0.0000
0.0007 0.0104 0.0410 0.0264 0.0215 0.0050 0.0017 0.0041 0.0043 0.0041 0.0006 0.0523 0.0281 0.0196 0.0034 0.0089 0.0039 0.0000 0.0000 0.0002 0.0229 0.0282 0.0014 0.0013 0.0017 0.0008 0.0002 0.0000 0.0002 0.0054 0.0027 0.0082 0.0003 0.0006 0.0004 0.0009 0.0000 0.0047 0.0013 0.0049 0.0009 0.2263 0.0007 0.0035 0.0009 0.0011 0.0006 0.0006 0.0005 0.0002 0.0014 0.0009 0.0001 0.0002 0.0016 0.0000 0.0291 0.0956 0.0121 0.0290 0.0193 0.0187 0.2295 0.0053
0.0001 0.0053 0.0142 0.0182 0.0298 0.0045 0.0030 0.0014 0.0022 0.0031 0.0005 0.0410 0.0171 0.0133 0.0034 0.0107 0.0045 0.0000 0.0000 0.0000 0.0287 0.0357 0.0012 0.0012 0.0015 0.0007 0.0004 0.0000 0.0003 0.0048 0.0025 0.0073 0.0005 0.0010 0.0009 0.0020 0.0000 0.0243 0.0031 0.0008 0.0005 0.0084 0.0010 0.0045 0.0006 0.0010 0.0002 0.0002 0.0002 0.0001 0.0014 0.0009 0.0000 0.0000 0.0008 0.0001 0.0309 0.2608 0.0245 0.0586 0.0253 0.0306 0.1130 0.1466
0.0000 0.0014 0.0177 0.1575 0.0343 0.0008 0.0000 0.0003 0.2690 0.0279 0.0006 0.0218 0.0946 0.2020 0.0042 0.0152 0.0071 0.0000 0.0000 0.0000 0.0389 0.0402 0.0003 0.0005 0.0004 0.0002 0.0000 0.0000 0.0000 0.0011 0.0005 0.0017 0.0000 0.0000 0.0000 0.0000 0.0000 0.0002 0.0000 0.0033 0.0035 0.0006 0.0011 0.0057 0.0014 0.0008 0.0045 0.0000 0.0000 0.0000 0.0007 0.0000 0.0002 0.0000 0.0003 0.0000 0.0004 0.0027 0.0005 0.0010 0.0333 0.0002 0.0014 0.0000
0.0009 0.0132 0.0520 0.0335 0.0273 0.0063 0.0021 0.0052 0.0054 0.0052 0.0008 0.0663 0.0357 0.0248 0.0043 0.0113 0.0049 0.0000 0.0000 0.0002 0.0291 0.0358 0.0018 0.0017 0.0021 0.0010 0.0002 0.0000 0.0002 0.0069 0.0034 0.0104 0.0004 0.0007 0.0005 0.0012 0.0000 0.0059 0.0016 0.0062 0.0012 0.0187 0.0009 0.0044 0.0011 0.0014 0.0007 0.0008 0.0006 0.0002 0.0018 0.0011 0.0001 0.0002 0.0020 0.0000 0.0369 0.2213 0.0153 0.0368 0.0245 0.0237 0.1911 0.0067
0.0151 0.0481 0.1764 0.0629 0.0001 0.0000 0.0000 0.0066 0.0000 0.0242 0.0214 0.0000 0.2225 0.2091 0.1055 0.0000 0.0017 0.0001 0.0000 0.0000 0.0000 0.0003 0.0003 0.0000 0.0000 0.0000 0.0000 0.0000 0.0000 0.0000 0.0000 0.0000 0.0000 0.0000 0.0000 0.0000 0.0000 0.0000 0.0009 0.0288 0.0062 0.0534 0.0000 0.0000 0.0000 0.0000 0.0000 0.0000 0.0000 0.0000 0.0000 0.0000 0.0000 0.0000 0.0000 0.0000 0.0154 0.0004 0.0001 0.0003 0.0002 0.0000 0.0000 0.0000
0.0000 0.0000 0.0808 0.0483 0.0276 0.0691 0.0000 0.0598 0.0085 0.0114 0.0005 0.1435 0.0000 0.0457 0.0034 0.0122 0.0050 0.0012 0.0294 0.0007 0.0314 0.0383 0.0213 0.0261 0.0023 0.0123 0.0007 0.0000 0.0000 0.0000 0.0394 0.0307 0.0000 0.0029 0.0000 0.0007 0.0007 0.0000 0.0036 0.0012 0.0000 0.0075 0.0017 0.0056 0.0024 0.0123 0.0017 0.0026 0.0019 0.0010 0.1107 0.0023 0.0000 0.0000 0.0108 0.0000 0.0807 0.0000 0.0000 0.0000 0.0000 0.0000 0.0000 0.0000
0.0062 0.0220 0.0962 0.0999 0.0254 0.0095 0.0018 0.0049 0.0198 0.0218 0.0005 0.3127 0.1221 0.0866 0.0034 0.0108 0.0049 0.0000 0.0000 0.0003 0.1150 0.0335 0.0027 0.0000 0.0000 0.0000 0.0000 0.0000 0.0000 0.0000 0.0000 0.0000 0.0000 0.0000 0.0000 0.0000 0.0000 0.0000 0.0000 0.0000 0.0000 0.0000 0.0000 0.0000 0.0000 0.0000 0.0000 0.0000 0.0000 0.0000 0.0000 0.0000 0.0000 0.0000 0.0000 0.0000 0.0000 0.0000 0.0000 0.0000 0.0000 0.0000 0.0000 0.0000
0.0001 0.0051 0.0138 0.0177 0.0289 0.0044 0.0029 0.0014 0.0021 0.0030 0.0005 0.0398 0.0166 0.0129 0.0033 0.0104 0.0044 0.0000 0.0000 0.0000 0.0278 0.0346 0.0012 0.0012 0.0015 0.0007 0.0004 0.0000 0.0003 0.0047 0.0024 0.0071 0.0005 0.0010 0.0009 0.0019 0.0000 0.0236 0.0030 0.0008 0.0005 0.0081 0.0010 0.0044 0.0006 0.0010 0.0002 0.0002 0.0002 0.0001 0.0014 0.0009 0.0000 0.0000 0.0008 0.0001 0.0300 0.1830 0.0238 0.0568 0.0245 0.0297 0.2096 0.1422
0.0145 0.0461 0.1691 0.0603 0.0001 0.0000 0.0000 0.0063 0.0000 0.0232 0.0205 0.0000 0.1720 0.2005 0.1838 0.0000 0.0017 0.0001 0.0000 0.0000 0.0000 0.0003 0.0003 0.0000 0.0000 0.0000 0.0000 0.0000 0.0000 0.0000 0.0000 0.0000 0.0000 0.0000 0.0000 0.0000 0.0000 0.0000 0.0008 0.0276 0.0060 0.0512 0.0000 0.0000 0.0000 0.0000 0.0000 0.0000 0.0000 0.0000 0.0000 0.0000 0.0000 0.0000 0.0000 0.0000 0.0148 0.0004 0.0001 0.0002 0.0002 0.0000 0.0000 0.0000
0.0001 0.0048 0.0129 0.0165 0.0270 0.0041 0.0027 0.0013 0.0020 0.0028 0.0005 0.0372 0.0155 0.0121 0.0031 0.0097 0.0041 0.0000 0.0000 0.0000 0.0260 0.0323 0.0011 0.0011 0.0014 0.0007 0.0004 0.0000 0.0003 0.0044 0.0022 0.0066 0.0005 0.0009 0.0008 0.0018 0.0000 0.0221 0.0028 0.0007 0.0005 0.0076 0.0009 0.0041 0.0006 0.0009 0.0002 0.0002 0.0002 0.0001 0.0013 0.0008 0.0000 0.0000 0.0007 0.0001 0.0280 0.2364 0.0222 0.0531 0.0229 0.0278 0.1959 0.1329
0.0057 0.0202 0.0885 0.0919 0.0233 0.0087 0.0016 0.0045 0.0182 0.0200 0.0005 0.2875 0.1123 0.0796 0.0031 0.0099 0.0045 0.0000 0.0000 0.0002 0.1864 0.0308 0.0025 0.0000 0.0000 0.0000 0.0000 0.0000 0.0000 0.0000 0.0000 0.0000 0.0000 0.0000 0.0000 0.0000 0.0000 0.0000 0.0000 0.0000 0.0000 0.0000 0.0000 0.0000 0.0000 0.0000 0.0000 0.0000 0.0000 0.0000 0.0000 0.0000 0.0000 0.0000 0.0000 0.0000 0.0000 0.0000 0.0000 0.0000 0.0000 0.0000 0.0000 0.0000
0.0000 0.0000 0.0728 0.0435 0.0248 0.0623 0.0000 0.0538 0.0076 0.0103 0.0004 0.2103 0.0000 0.0412 0.0031 0.0109 0.0045 0.0011 0.0264 0.0006 0.0283 0.0345 0.0192 0.0235 0.0020 0.0111 0.0006 0.0000 0.0000 0.0000 0.0355 0.0277 0.0000 0.0026 0.0000 0.0006 0.0006 0.0000 0.0032 0.0011 0.0000 0.0067 0.0015 0.0050 0.0022 0.0111 0.0015 0.0024 0.0017 0.0009 0.0997 0.0203 0.0000 0.0000 0.0097 0.0000 0.0727 0.0000 0.0000 0.0000 0.0000 0.0000 0.0000 0.0000
0.0008 0.0113 0.0445 0.0287 0.0234 0.0054 0.0018 0.0045 0.0046 0.0045 0.0007 0.0567 0.0306 0.0212 0.0037 0.0097 0.0042 0.0000 0.0000 0.0002 0.0249 0.0306 0.0015 0.0015 0.0018 0.0009 0.0002 0.0000 0.0002 0.0059 0.0029 0.0089 0.0003 0.0006 0.0004 0.0010 0.0000 0.0051 0.0014 0.0053 0.0010 0.1601 0.0008 0.0038 0.0009 0.0012 0.0006 0.0007 0.0005 0.0002 0.0015 0.0009 0.0001 0.0002 0.0017 0.0000 0.0316 0.1038 0.0131 0.0315 0.0210 0.0203 0.2492 0.0057
0.0000 0.0015 0.0179 0.1593 0.0347 0.0008 0.0000 0.0003 0.1955 0.0282 0.0006 0.0221 0.0957 0.2044 0.0043 0.0153 0.0721 0.0000 0.0000 0.0000 0.0393 0.0407 0.0003 0.0005 0.0004 0.0002 0.0000 0.0000 0.0000 0.0011 0.0005 0.0017 0.0000 0.0000 0.0000 0.0000 0.0000 0.0002 0.0000 0.0034 0.0035 0.0006 0.0011 0.0058 0.0014 0.0008 0.0046 0.0000 0.0000 0.0000 0.0007 0.0000 0.0002 0.0000 0.0003 0.0000 0.0004 0.0028 0.0005 0.0010 0.0337 0.0002 0.0015 0.0000
0.0007 0.0104 0.0410 0.0264 0.0215 0.0050 0.0017 0.0041 0.0043 0.0041 0.0006 0.0523 0.0281 0.0196 0.0034 0.0089 0.0039 0.0000 0.0000 0.0002 0.0229 0.0282 0.0014 0.0013 0.0017 0.0008 0.0002 0.0000 0.0002 0.0054 0.0027 0.0082 0.0003 0.0006 0.0004 0.0009 0.0000 0.0047 0.0013 0.0049 0.0009 0.2263 0.0007 0.0035 0.0009 0.0011 0.0006 0.0006 0.0005 0.0002 0.0014 0.0009 0.0001 0.0002 0.0016 0.0000 0.0291 0.0956 0.0121 0.0290 0.0193 0.0187 0.2295 0.0053
0.0001 0.0053 0.0142 0.0182 0.0298 0.0045 0.0030 0.0014 0.0022 0.0031 0.0005 0.0410 0.0171 0.0133 0.0034 0.0107 0.0045 0.0000 0.0000 0.0000 0.0287 0.0357 0.0012 0.0012 0.0015 0.0007 0.0004 0.0000 0.0003 0.0048 0.0025 0.0073 0.0005 0.0010 0.0009 0.0020 0.0000 0.0243 0.0031 0.0008 0.0005 0.0084 0.0010 0.0045 0.0006 0.0010 0.0002 0.0002 0.0002 0.0001 0.0014 0.0009 0.0000 0.0000 0.0008 0.0001 0.0309 0.2608 0.0245 0.0586 0.0253 0.0306 0.1130 0.1466
0.0139 0.0443 0.1624 0.0579 0.0001 0.0000 0.0000 0.0060 0.0000 0.0223 0.0197 0.0000 0.1810 0.1925 0.2003 0.0000 0.0016 0.0001 0.0000 0.0000 0.0000 0.0003 0.0003 0.0000 0.0000 0.0000 0.0000 0.0000 0.0000 0.0000 0.0000 0.0000 0.0000 0.0000 0.0000 0.0000 0.0000 0.0000 0.0008 0.0265 0.0057 0.0491 0.0000 0.0000 0.0000 0.0000 0.0000 0.0000 0.0000 0.0000 0.0000 0.0000 0.0000 0.0000 0.0000 0.0000 0.0142 0.0004 0.0001 0.0002 0.0002 0.0000 0.0000 0.0000
0.0000 0.0014 0.0175 0.1558 0.0339 0.0008 0.0000 0.0003 0.1911 0.0276 0.0006 0.0216 0.1160 0.1998 0.0042 0.0150 0.0705 0.0000 0.0000 0.0000 0.0385 0.0398 0.0003 0.0005 0.0004 0.0002 0.0000 0.0000 0.0000 0.0010 0.0005 0.0016 0.0000 0.0000 0.0000 0.0000 0.0000 0.0001 0.0000 0.0033 0.0034 0.0006 0.0010 0.0056 0.0013 0.0007 0.0045 0.0000 0.0000 0.0000 0.0007 0.0000 0.0002 0.0000 0.0003 0.0000 0.0004 0.0027 0.0004 0.0010 0.0329 0.0002 0.0014 0.0000
0.0056 0.0199 0.0871 0.0904 0.0229 0.0086 0.0016 0.0044 0.0179 0.0197 0.0005 0.2829 0.1105 0.0783 0.0031 0.0098 0.0044 0.0000 0.0000 0.0002 0.1993 0.0303 0.0025 0.0000 0.0000 0.0000 0.0000 0.0000 0.0000 0.0000 0.0000 0.0000 0.0000 0.0000 0.0000 0.0000 0.0000 0.0000 0.0000 0.0000 0.0000 0.0000 0.0000 0.0000 0.0000 0.0000 0.0000 0.0000 0.0000 0.0000 0.0000 0.0000 0.0000 0.0000 0.0000 0.0000 0.0000 0.0000 0.0000 0.0000 0.0000 0.0000 0.0000 0.0000
0.0000 0.0000 0.0674 0.0403 0.0230 0.0576 0.0000 0.0498 0.0071 0.0095 0.0004 0.1946 0.0000 0.0381 0.0029 0.0101 0.0042 0.0010 0.0245 0.0006 0.0262 0.0319 0.0178 0.0218 0.0019 0.0103 0.0006 0.0000 0.0000 0.0000 0.0329 0.0256 0.0000 0.0024 0.0000 0.0006 0.0006 0.0000 0.0030 0.0010 0.0000 0.0062 0.0014 0.0047 0.0020 0.0103 0.0014 0.0022 0.0016 0.0008 0.1673 0.0188 0.0000 0.0000 0.0090 0.0000 0.0672 0.0000 0.0000 0.0000 0.0000 0.0000 0.0000 0.0000
0.0000 0.0014 0.0177 0.1575 0.0343 0.0008 0.0000 0.0003 0.2690 0.0279 0.0006 0.0218 0.0946 0.2020 0.0042 0.0152 0.0071 0.0000 0.0000 0.0000 0.0389 0.0402 0.0003 0.0005 0.0004 0.0002 0.0000 0.0000 0.0000 0.0011 0.0005 0.0017 0.0000 0.0000 0.0000 0.0000 0.0000 0.0002 0.0000 0.0033 0.0035 0.0006 0.0011 0.0057 0.0014 0.0008 0.0045 0.0000 0.0000 0.0000 0.0007 0.0000 0.0002 0.0000 0.0003 0.0000 0.0004 0.0027 0.0005 0.0010 0.0333 0.0002 0.0014 0.0000
0.0009 0.0132 0.0520 0.0335 0.0273 0.0063 0.0021 0.0052 0.0054 0.0052 0.0008 0.0663 0.0357 0.0248 0.0043 0.0113 0.0049 0.0000 0.0000 0.0002 0.0291 0.0358 0.0018 0.0017 0.0021 0.0010 0.0002 0.0000 0.0002 0.0069 0.0034 0.0104 0.0004 0.0007 0.0005 0.0012 0.0000 0.0059 0.0016 0.0062 0.0012 0.0187 0.0009 0.0044 0.0011 0.0014 0.0007 0.0008 0.0006 0.0002 0.0018 0.0011 0.0001 0.0002 0.0020 0.0000 0.0369 0.2213 0.0153 0.0368 0.0245 0.0237 0.1911 0.0067
0.0151 0.0481 0.1764 0.0629 0.0001 0.0000 0.0000 0.0066 0.0000 0.0242 0.0214 0.0000 0.2225 0.2091 0.1055 0.0000 0.0017 0.0001 0.0000 0.0000 0.0000 0.0003 0.0003 0.0000 0.0000 0.0000 0.0000 0.0000 0.0000 0.0000 0.0000 0.0000 0.0000 0.0000 0.0000 0.0000 0.0000 0.0000 0.0009 0.0288 0.0062 0.0534 0.0000 0.0000 0.0000 0.0000 0.0000 0.0000 0.0000 0.0000 0.0000 0.0000 0.0000 0.0000 0.0000 0.0000 0.0154 0.0004 0.0001 0.0003 0.0002 0.0000 0.0000 0.0000
0.0000 0.0000 0.0808 0.0483 0.0276 0.0691 0.0000 0.0598 0.0085 0.0114 0.0005 0.1435 0.0000 0.0457 0.0034 0.0122 0.0050 0.0012 0.0294 0.0007 0.0314 0.0383 0.0213 0.0261 0.0023 0.0123 0.0007 0.0000 0.0000 0.0000 0.0394 0.0307 0.0000 0.0029 0.0000 0.0007 0.0007 0.0000 0.0036 0.0012 0.0000 0.0075 0.0017 0.0056 0.0024 0.0123 0.0017 0.0026 0.0019 0.0010 0.1107 0.0023 0.0000 0.0000 0.0108 0.0000 0.0807 0.0000 0.0000 0.0000 0.0000 0.0000 0.0000 0.0000
0.0008 0.0113 0.0445 0.0287 0.0234 0.0054 0.0018 0.0045 0.0046 0.0045 0.0007 0.0567 0.0306 0.0212 0.0037 0.0097 0.0042 0.0000 0.0000 0.0002 0.0249 0.0306 0.0015 0.0015 0.0018 0.0009 0.0002 0.0000 0.0002 0.0059 0.0029 0.0089 0.0003 0.0006 0.0004 0.0010 0.0000 0.0051 0.0014 0.0053 0.0010 0.1601 0.0008 0.0038 0.0009 0.0012 0.0006 0.0007 0.0005 0.0002 0.0015 0.0009 0.0001 0.0002 0.0017 0.0000 0.0316 0.1894 0.0131 0.0315 0.0210 0.0203 0.1636 0.0057
0.0001 0.0046 0.0125 0.0161 0.0263 0.0040 0.0026 0.0013 0.0019 0.0027 0.0005 0.0362 0.0151 0.0117 0.0030 0.0095 0.0040 0.0000 0.0000 0.0000 0.0253 0.0315 0.0011 0.0011 0.0014 0.0006 0.0004 0.0000 0.0003 0.0043 0.0022 0.0065 0.0005 0.0009 0.0008 0.0017 0.0000 0.0215 0.0027 0.0007 0.0005 0.0074 0.0009 0.0040 0.0005 0.0009 0.0002 0.0002 0.0002 0.0001 0.0013 0.0008 0.0000 0.0000 0.0007 0.0001 0.0273 0.2573 0.0216 0.0516 0.0223 0.0270 0.1905 0.1293
0.0145 0.0461 0.1691 0.0603 0.0001 0.0000 0.0000 0.0063 0.0000 0.0232 0.0205 0.0000 0.1720 0.2005 0.1838 0.0000 0.0017 0.0001 0.0000 0.0000 0.0000 0.0003 0.0003 0.0000 0.0000 0.0000 0.0000 0.0000 0.0000 0.0000 0.0000 0.0000 0.0000 0.0000 0.0000 0.0000 0.0000 0.0000 0.0008 0.0276 0.0060 0.0512 0.0000 0.0000 0.0000 0.0000 0.0000 0.0000 0.0000 0.0000 0.0000 0.0000 0.0000 0.0000 0.0000 0.0000 0.0148 0.0004 0.0001 0.0002 0.0002 0.0000 0.0000 0.0000
0.0000 0.0014 0.0177 0.1575 0.0343 0.0008 0.0000 0.0003 0.2690 0.0279 0.0006 0.0218 0.0946 0.2020 0.0042 0.0152 0.0071 0.0000 0.0000 0.0000 0.0389 0.0402 0.0003 0.0005 0.0004 0.0002 0.0000 0.0000 0.0000 0.0011 0.0005 0.0017 0.0000 0.0000 0.0000 0.0000 0.0000 0.0002 0.0000 0.0033 0.0035 0.0006 0.0011 0.0057 0.0014 0.0008 0.0045 0.0000 0.0000 0.0000 0.0007 0.0000 0.0002 0.0000 0.0003 0.0000 0.0004 0.0027 0.0005 0.0010 0.0333 0.0002 0.0014 0.0000
0.0062 0.0220 0.0962 0.0999 0.0254 0.0095 0.0018 0.0049 0.0198 0.0218 0.0005 0.3127 0.1221 0.0866 0.0034 0.0108 0.0049 0.0000 0.0000 0.0003 0.1150 0.0335 0.0027 0.0000 0.0000 0.0000 0.0000 0.0000 0.0000 0.0000 0.0000 0.0000 0.0000 0.0000 0.0000 0.0000 0.0000 0.0000 0.0000 0.0000 0.0000 0.0000 0.0000 0.0000 0.0000 0.0000 0.0000 0.0000 0.0000 0.0000 0.0000 0.0000 0.0000 0.0000 0.0000 0.0000 0.0000 0.0000 0.0000 0.0000 0.0000 0.0000 0.0000 0.0000
0.0000 0.0000 0.0728 0.0435 0.0248 0.0623 0.0000 0.0538 0.0076 0.0103 0.0004 0.2103 0.0000 0.0412 0.0031 0.0109 0.0045 0.0011 0.0264 0.0006 0.0283 0.0345 0.0192 0.0235 0.0020 0.0111 0.0006 0.0000 0.0000 0.0000 0.0355 0.0277 0.0000 0.0026 0.0000 0.0006 0.0006 0.0000 0.0032 0.0011 0.0000 0.0067 0.0015 0.0050 0.0022 0.0111 0.0015 0.0024 0.0017 0.0009 0.0997 0.0203 0.0000 0.0000 0.0097 0.0000 0.0727 0.0000 0.0000 0.0000 0.0000 0.0000 0.0000 0.0000
0.0008 0.0113 0.0445 0.0287 0.0234 0.0054 0.0018 0.0045 0.0046 0.0045 0.0007 0.0567 0.0306 0.0212 0.0037 0.0097 0.0042 0.0000 0.0000 0.0002 0.0249 0.0306 0.0015 0.0015 0.0018 0.0009 0.0002 0.0000 0.0002 0.0059 0.0029 0.0089 0.0003 0.0006 0.0004 0.0010 0.0000 0.0051 0.0014 0.0053 0.0010 0.1601 0.0008 0.0038 0.0009 0.0012 0.0006 0.0007 0.0005 0.0002 0.0015 0.0009 0.0001 0.0002 0.0017 0.0000 0.0316 0.1038 0.0131 0.0315 0.0210 0.0203 0.2492 0.0057
0.0001 0.0048 0.0129 0.0165 0.0270 0.0041 0.0027 0.0013 0.0020 0.0028 0.0005 0.0372 0.0155 0.0121 0.0031 0.0097 0.0041 0.0000 0.0000 0.0000 0.0260 0.0323 0.0011 0.0011 0.0014 0.0007 0.0004 0.0000 0.0003 0.0044 0.0022 0.0066 0.0005 0.0009 0.0008 0.0018 0.0000 0.0221 0.0028 0.0007 0.0005 0.0076 0.0009 0.0041 0.0006 0.0009 0.0002 0.0002 0.0002 0.0001 0.0013 0.0008 0.0000 0.0000 0.0007 0.0001 0.0280 0.2364 0.0222 0.0531 0.0229 0.0278 0.1959 0.1329
0.0145 0.0461 0.1691 0.0603 0.0001 0.0000 0.0000 0.0063 0.0000 0.0232 0.0205 0.0000 0.1720 0.2005 0.1838 0.0000 0.0017 0.0001 0.0000 0.0000 0.0000 0.0003 0.0003 0.0000 0.0000 0.0000 0.0000 0.0000 0.0000 0.0000 0.0000 0.0000 0.0000 0.0000 0.0000 0.0000 0.0000 0.0000 0.0008 0.0276 0.0060 0.0512 0.0000 0.0000 0.0000 0.0000 0.0000 0.0000 0.0000 0.0000 0.0000 0.0000 0.0000 0.0000 0.0000 0.0000 0.0148 0.0004 0.0001 0.0002 0.0002 0.0000 0.0000 0.0000
0.0000 0.0014 0.0177 0.1575 0.0343 0.0008 0.0000 0.0003 0.2690 0.0279 0.0006 0.0218 0.0946 0.2020 0.0042 0.0152 0.0071 0.0000 0.0000 0.0000 0.0389 0.0402 0.0003 0.0005 0.0004 0.0002 0.0000 0.0000 0.0000 0.0011 0.0005 0.0017 0.0000 0.0000 0.0000 0.0000 0.0000 0.0002 0.0000 0.0033 0.0035 0.0006 0.0011 0.0057 0.0014 0.0008 0.0045 0.0000 0.0000 0.0000 0.0007 0.0000 0.0002 0.0000 0.0003 0.0000 0.0004 0.0027 0.0005 0.0010 0.0333 0.0002 0.0014 0.0000
0.0062 0.0220 0.0962 0.0999 0.0254 0.0095 0.0018 0.0049 0.0198 0.0218 0.0005 0.3127 0.1221 0.0866 0.0034 0.0108 0.0049 0.0000 0.0000 0.0003 0.1150 0.0335 0.0027 0.0000 0.0000 0.0000 0.0000 0.0000 0.0000 0.0000 0.0000 0.0000 0.0000 0.0000 0.0000 0.0000 0.0000 0.0000 0.0000 0.0000 0.0000 0.0000 0.0000 0.0000 0.0000 0.0000 0.0000 0.0000 0.0000 0.0000 0.0000 0.0000 0.0000 0.0000 0.0000 0.0000 0.0000 0.0000 0.0000 0.0000 0.0000 0.0000 0.0000 0.0000
0.0000 0.0000 0.0728 0.0435 0.0248 0.0623 0.0000 0.0538 0.0076 0.0103 0.0004 0.2103 0.0000 0.0412 0.0031 0.0109 0.0045 0.0011 0.0264 0.0006 0.0283 0.0345 0.0192 0.0235 0.0020 0.0111 0.0006 0.0000 0.0000 0.0000 0.0355 0.0277 0.0000 0.0026 0.0000 0.0006 0.0006 0.0000 0.0032 0.0011 0.0000 0.0067 0.0015 0.0050 0.0022 0.0111 0.0015 0.0024 0.0017 0.0009 0.0997 0.0203 0.0000 0.0000 0.0097 0.0000 0.0727 0.0000 0.0000 0.0000 0.0000 0.0000 0.0000 0.0000
0.0008 0.0113 0.0445 0.0287 0.0234 0.0054 0.0018 0.0045 0.0046 0.0045 0.0007 0.0567 0.0306 0.0212 0.0037 0.0097 0.0042 0.0000 0.0000 0.0002 0.0249 0.0306 0.0015 0.0015 0.0018 0.0009 0.0002 0.0000 0.0002 0.0059 0.0029 0.0089 0.0003 0.0006 0.0004 0.0010 0.0000 0.0051 0.0014 0.0053 0.0010 0.1601 0.0008 0.0038 0.0009 0.0012 0.0006 0.0007 0.0005 0.0002 0.0015 0.0009 0.0001 0.0002 0.0017 0.0000 0.0316 0.1038 0.0131 0.0315 0.0210 0.0203 0.2492 0.0057
0.0001 0.0048 0.0129 0.0165 0.0270 0.0041 0.0027 0.0013 0.0020 0.0028 0.0005 0.0372 0.0155 0.0121 0.0031 0.0097 0.0041 0.0000 0.0000 0.0000 0.0260 0.0323 0.0011 0.0011 0.0014 0.0007 0.0004 0.0000 0.0003 0.0044 0.0022 0.0066 0.0005 0.0009 0.0008 0.0018 0.0000 0.0221 0.0028 0.0007 0.0005 0.0076 0.0009 0.0041 0.0006 0.0009 0.0002 0.0002 0.0002 0.0001 0.0013 0.0008 0.0000 0.0000 0.0007 0.0001 0.0280 0.2364 0.0222 0.0531 0.0229 0.0278 0.1959 0.1329
0.0145 0.0461 0.1691 0.0603 0.0001 0.0000 0.0000 0.0063 0.0000 0.0232 0.0205 0.0000 0.1720 0.2005 0.1838 0.0000 0.0017 0.0001 0.0000 0.0000 0.0000 0.0003 0.0003 0.0000 0.0000 0.0000 0.0000 0.0000 0.0000 0.0000 0.0000 0.0000 0.0000 0.0000 0.0000 0.0000 0.0000 0.0000 0.0008 0.0276 0.0060 0.0512 0.0000 0.0000 0.0000 0.0000 0.0000 0.0000 0.0000 0.0000 0.0000 0.0000 0.0000 0.0000 0.0000 0.0000 0.0148 0.0004 0.0001 0.0002 0.0002 0.0000 0.0000 0.0000
0.0000 0.0014 0.0175 0.1558 0.0339 0.0008 0.0000 0.0003 0.1911 0.0276 0.0006 0.0216 0.1160 0.1998 0.0042 0.0150 0.0705 0.0000 0.0000 0.0000 0.0385 0.0398 0.0003 0.0005 0.0004 0.0002 0.0000 0.0000 0.0000 0.0010 0.0005 0.0016 0.0000 0.0000 0.0000 0.0000 0.0000 0.0001 0.0000 0.0033 0.0034 0.0006 0.0010 0.0056 0.0013 0.0007 0.0045 0.0000 0.0000 0.0000 0.0007 0.0000 0.0002 0.0000 0.0003 0.0000 0.0004 0.0027 0.0004 0.0010 0.0329 0.0002 0.0014 0.0000
0.0056 0.0199 0.0871 0.0904 0.0229 0.0086 0.0016 0.0044 0.0179 0.0197 0.0005 0.2829 0.1105 0.0783 0.0031 0.0098 0.0044 0.0000 0.0000 0.0002 0.1993 0.0303 0.0025 0.0000 0.0000 0.0000 0.0000 0.0000 0.0000 0.0000 0.0000 0.0000 0.0000 0.0000 0.0000 0.0000 0.0000 0.0000 0.0000 0.0000 0.0000 0.0000 0.0000 0.0000 0.0000 0.0000 0.0000 0.0000 0.0000 0.0000 0.0000 0.0000 0.0000 0.0000 0.0000 0.0000 0.0000 0.0000 0.0000 0.0000 0.0000 0.0000 0.0000 0.0000
0.0000 0.0000 0.0674 0.0403 0.0230 0.0576 0.0000 0.0498 0.0071 0.0095 0.0004 0.1946 0.0000 0.0381 0.0029 0.0101 0.0042 0.0010 0.0245 0.0006 0.0262 0.0319 0.0178 0.0218 0.0019 0.0103 0.0006 0.0000 0.0000 0.0000 0.0329 0.0256 0.0000 0.0024 0.0000 0.0006 0.0006 0.0000 0.0030 0.0010 0.0000 0.0062 0.0014 0.0047 0.0020 0.0103 0.0014 0.0022 0.0016 0.0008 0.1673 0.0188 0.0000 0.0000 0.0090 0.0000 0.0672 0.0000 0.0000 0.0000 0.0000 0.0000 0.0000 0.0000
0.0008 0.0113 0.0445 0.0287 0.0234 0.0054 0.0018 0.0045 0.0046 0.0045 0.0007 0.0567 0.0306 0.0212 0.0037 0.0097 0.0042 0.0000 0.0000 0.0002 0.0249 0.0306 0.0015 0.0015 0.0018 0.0009 0.0002 0.0000 0.0002 0.0059 0.0029 0.0089 0.0003 0.0006 0.0004 0.0010 0.0000 0.0051 0.0014 0.0053 0.0010 0.1601 0.0008 0.0038 0.0009 0.0012 0.0006 0.0007 0.0005 0.0002 0.0015 0.0009 0.0001 0.0002 0.0017 0.0000 0.0316 0.1038 0.0131 0.0315 0.0210 0.0203 0.2492 0.0057
0.0000 0.0015 0.0179 0.1593 0.0347 0.0008 0.0000 0.0003 0.1955 0.0282 0.0006 0.0221 0.0957 0.2044 0.0043 0.0153 0.0721 0.0000 0.0000 0.0000 0.0393 0.0407 0.0003 0.0005 0.0004 0.0002 0.0000 0.0000 0.0000 0.0011 0.0005 0.0017 0.0000 0.0000 0.0000 0.0000 0.0000 0.0002 0.0000 0.0034 0.0035 0.0006 0.0011 0.0058 0.0014 0.0008 0.0046 0.0000 0.0000 0.0000 0.0007 0.0000 0.0002 0.0000 0.0003 0.0000 0.0004 0.0028 0.0005 0.0010 0.0337 0.0002 0.0015 0.0000
0.0008 0.0113 0.0445 0.0287 0.0234 0.0054 0.0018 0.0045 0.0046 0.0045 0.0007 0.0567 0.0306 0.0212 0.0037 0.0097 0.0042 0.0000 0.0000 0.0002 0.0249 0.0306 0.0015 0.0015 0.0018 0.0009 0.0002 0.0000 0.0002 0.0059 0.0029 0.0089 0.0003 0.0006 0.0004 0.0010 0.0000 0.0051 0.0014 0.0053 0.0010 0.1601 0.0008 0.0038 0.0009 0.0012 0.0006 0.0007 0.0005 0.0002 0.0015 0.0009 0.0001 0.0002 0.0017 0.0000 0.0316 0.1038 0.0131 0.0315 0.0210 0.0203 0.2492 0.0057
0.0056 0.0199 0.0871 0.0904 0.0229 0.0086 0.0016 0.0044 0.0179 0.0197 0.0005 0.2829 0.1105 0.0783 0.0031 0.0098 0.0044 0.0000 0.0000 0.0002 0.1993 0.0303 0.0025 0.0000 0.0000 0.0000 0.0000 0.0000 0.0000 0.0000 0.0000 0.0000 0.0000 0.0000 0.0000 0.0000 0.0000 0.0000 0.0000 0.0000 0.0000 0.0000 0.0000 0.0000 0.0000 0.0000 0.0000 0.0000 0.0000 0.0000 0.0000 0.0000 0.0000 0.0000 0.0000 0.0000 0.0000 0.0000 0.0000 0.0000 0.0000 0.0000 0.0000 0.0000
0.0000 0.0015 0.0179 0.1593 0.0347 0.0008 0.0000 0.0003 0.1955 0.0282 0.0006 0.0221 0.0957 0.2044 0.0043 0.0153 0.0721 0.0000 0.0000 0.0000 0.0393 0.0407 0.0003 0.0005 0.0004 0.0002 0.0000 0.0000 0.0000 0.0011 0.0005 0.0017 0.0000 0.0000 0.0000 0.0000 0.0000 0.0002 0.0000 0.0034 0.0035 0.0006 0.0011 0.0058 0.0014 0.0008 0.0046 0.0000 0.0000 0.0000 0.0007 0.0000 0.0002 0.0000 0.0003 0.0000 0.0004 0.0028 0.0005 0.0010 0.0337 0.0002 0.0015 0.0000
0.0000 0.0000 0.0674 0.0403 0.0230 0.0576 0.0000 0.0498 0.0071 0.0095 0.0004 0.1946 0.0000 0.0381 0.0029 0.0101 0.0042 0.0010 0.0245 0.0006 0.0262 0.0319 0.0178 0.0218 0.0019 0.0103 0.0006 0.0000 0.0000 0.0000 0.0329 0.0256 0.0000 0.0024 0.0000 0.0006 0.0006 0.0000 0.0030 0.0010 0.0000 0.0062 0.0014 0.0047 0.0020 0.0103 0.0014 0.0022 0.0016 0.0008 0.1673 0.0188 0.0000 0.0000 0.0090 0.0000 0.0672 0.0000 0.0000 0.0000 0.0000 0.0000 0.0000 0.0000
0.0145 0.0461 0.1691 0.0603 0.0001 0.0000 0.0000 0.0063 0.0000 0.0232 0.0205 0.0000 0.1720 0.2005 0.1838 0.0000 0.0017 0.0001 0.0000 0.0000 0.0000 0.0003 0.0003 0.0000 0.0000 0.0000 0.0000 0.0000 0.0000 0.0000 0.0000 0.0000 0.0000 0.0000 0.0000 0.0000 0.0000 0.0000 0.0008 0.0276 0.0060 0.0512 0.0000 0.0000 0.0000 0.0000 0.0000 0.0000 0.0000 0.0000 0.0000 0.0000 0.0000 0.0000 0.0000 0.0000 0.0148 0.0004 0.0001 0.0002 0.0002 0.0000 0.0000 0.0000
0.0000 0.0014 0.0175 0.1558 0.0339 0.0008 0.0000 0.0003 0.1911 0.0276 0.0006 0.0216 0.1160 0.1998 0.0042 0.0150 0.0705 0.0000 0.0000 0.0000 0.0385 0.0398 0.0003 0.0005 0.0004 0.0002 0.0000 0.0000 0.0000 0.0010 0.0005 0.0016 0.0000 0.0000 0.0000 0.0000 0.0000 0.0001 0.0000 0.0033 0.0034 0.0006 0.0010 0.0056 0.0013 0.0007 0.0045 0.0000 0.0000 0.0000 0.0007 0.0000 0.0002 0.0000 0.0003 0.0000 0.0004 0.0027 0.0004 0.0010 0.0329 0.0002 0.0014 0.0000
0.0007 0.0104 0.0410 0.0264 0.0215 0.0050 0.0017 0.0041 0.0043 0.0041 0.0006 0.0523 0.0281 0.0196 0.0034 0.0089 0.0039 0.0000 0.0000 0.0002 0.0229 0.0282 0.0014 0.0013 0.0017 0.0008 0.0002 0.0000 0.0002 0.0054 0.0027 0.0082 0.0003 0.0006 0.0004 0.0009 0.0000 0.0047 0.0013 0.0049 0.0009 0.2263 0.0007 0.0035 0.0009 0.0011 0.0006 0.0006 0.0005 0.0002 0.0014 0.0009 0.0001 0.0002 0.0016 0.0000 0.0291 0.0956 0.0121 0.0290 0.0193 0.0187 0.2295 0.0053
0.0001 0.0053 0.0142 0.0182 0.0298 0.0045 0.0030 0.0014 0.0022 0.0031 0.0005 0.0410 0.0171 0.0133 0.0034 0.0107 0.0045 0.0000 0.0000 0.0000 0.0287 0.0357 0.0012 0.0012 0.0015 0.0007 0.0004 0.0000 0.0003 0.0048 0.0025 0.0073 0.0005 0.0010 0.0009 0.0020 0.0000 0.0243 0.0031 0.0008 0.0005 0.0084 0.0010 0.0045 0.0006 0.0010 0.0002 0.0002 0.0002 0.0001 0.0014 0.0009 0.0000 0.0000 0.0008 0.0001 0.0309 0.2608 0.0245 0.0586 0.0253 0.0306 0.1130 0.1466
0.0000 0.0000 0.0674 0.0403 0.0230 0.0576 0.0000 0.0498 0.0071 0.0095 0.0004 0.1946 0.0000 0.0381 0.0029 0.0101 0.0042 0.0010 0.0245 0.0006 0.0262 0.0319 0.0178 0.0218 0.0019 0.0103 0.0006 0.0000 0.0000 0.0000 0.0329 0.0256 0.0000 0.0024 0.0000 0.0006 0.0006 0.0000 0.0030 0.0010 0.0000 0.0062 0.0014 0.0047 0.0020 0.0103 0.0014 0.0022 0.0016 0.0008 0.1673 0.0188 0.0000 0.0000 0.0090 0.0000 0.0672 0.0000 0.0000 0.0000 0.0000 0.0000 0.0000 0.0000
0.0000 0.0014 0.0175 0.1558 0.0339 0.0008 0.0000 0.0003 0.1911 0.0276 0.0006 0.0216 0.1160 0.1998 0.0042 0.0150 0.0705 0.0000 0.0000 0.0000 0.0385 0.0398 0.0003 0.0005 0.0004 0.0002 0.0000 0.0000 0.0000 0.0010 0.0005 0.0016 0.0000 0.0000 0.0000 0.0000 0.0000 0.0001 0.0000 0.0033 0.0034 0.0006 0.0010 0.0056 0.0013 0.0007 0.0045 0.0000 0.0000 0.0000 0.0007 0.0000 0.0002 0.0000 0.0003 0.0000 0.0004 0.0027 0.0004 0.0010 0.0329 0.0002 0.0014 0.0000
0.0056 0.0199 0.0871 0.0904 0.0229 0.0086 0.0016 0.0044 0.0179 0.0197 0.0005 0.2829 0.1105 0.0783 0.0031 0.0098 0.0044 0.0000 0.0000 0.0002 0.1993 0.0303 0.0025 0.0000 0.0000 0.0000 0.0000 0.0000 0.0000 0.0000 0.0000 0.0000 0.0000 0.0000 0.0000 0.0000 0.0000 0.0000 0.0000 0.0000 0.0000 0.0000 0.0000 0.0000 0.0000 0.0000 0.0000 0.0000 0.0000 0.0000 0.0000 0.0000 0.0000 0.0000 0.0000 0.0000 0.0000 0.0000 0.0000 0.0000 0.0000 0.0000 0.0000 0.0000
0.0139 0.0443 0.1624 0.0579 0.0001 0.0000 0.0000 0.0060 0.0000 0.0223 0.0197 0.0000 0.1810 0.1925 0.2003 0.0000 0.0016 0.0001 0.0000 0.0000 0.0000 0.0003 0.0003 0.0000 0.0000 0.0000 0.0000 0.0000 0.0000 0.0000 0.0000 0.0000 0.0000 0.0000 0.0000 0.0000 0.0000 0.0000 0.0008 0.0265 0.0057 0.0491 0.0000 0.0000 0.0000 0.0000 0.0000 0.0000 0.0000 0.0000 0.0000 0.0000 0.0000 0.0000 0.0000 0.0000 0.0142 0.0004 0.0001 0.0002 0.0002 0.0000 0.0000 0.0000
0.0000 0.0014 0.0177 0.1575 0.0343 0.0008 0.0000 0.0003 0.2690 0.0279 0.0006 0.0218 0.0946 0.2020 0.0042 0.0152 0.0071 0.0000 0.0000 0.0000 0.0389 0.0402 0.0003 0.0005 0.0004 0.0002 0.0000 0.0000 0.0000 0.0011 0.0005 0.0017 0.0000 0.0000 0.0000 0.0000 0.0000 0.0002 0.0000 0.0033 0.0035 0.0006 0.0011 0.0057 0.0014 0.0008 0.0045 0.0000 0.0000 0.0000 0.0007 0.0000 0.0002 0.0000 0.0003 0.0000 0.0004 0.0027 0.0005 0.0010 0.0333 0.0002 0.0014 0.0000
0.0009 0.0132 0.0520 0.0335 0.0273 0.0063 0.0021 0.0052 0.0054 0.0052 0.0008 0.0663 0.0357 0.0248 0.0043 0.0113 0.0049 0.0000 0.0000 0.0002 0.0291 0.0358 0.0018 0.0017 0.0021 0.0010 0.0002 0.0000 0.0002 0.0069 0.0034 0.0104 0.0004 0.0007 0.0005 0.0012 0.0000 0.0059 0.0016 0.0062 0.0012 0.0187 0.0009 0.0044 0.0011 0.0014 0.0007 0.0008 0.0006 0.0002 0.0018 0.0011 0.0001 0.0002 0.0020 0.0000 0.0369 0.2213 0.0153 0.0368 0.0245 0.0237 0.1911 0.0067
0.0151 0.0481 0.1764 0.0629 0.0001 0.0000 0.0000 0.0066 0.0000 0.0242 0.0214 0.0000 0.2225 0.2091 0.1055 0.0000 0.0017 0.0001 0.0000 0.0000 0.0000 0.0003 0.0003 0.0000 0.0000 0.0000 0.0000 0.0000 0.0000 0.0000 0.0000 0.0000 0.0000 0.0000 0.0000 0.0000 0.0000 0.0000 0.0009 0.0288 0.0062 0.0534 0.0000 0.0000 0.0000 0.0000 0.0000 0.0000 0.0000 0.0000 0.0000 0.0000 0.0000 0.0000 0.0000 0.0000 0.0154 0.0004 0.0001 0.0003 0.0002 0.0000 0.0000 0.0000
0.0000 0.0000 0.0808 0.0483 0.0276 0.0691 0.0000 0.0598 0.0085 0.0114 0.0005 0.1435 0.0000 0.0457 0.0034 0.0122 0.0050 0.0012 0.0294 0.0007 0.0314 0.0383 0.0213 0.0261 0.0023 0.0123 0.0007 0.0000 0.0000 0.0000 0.0394 0.0307 0.0000 0.0029 0.0000 0.0007 0.0007 0.0000 0.0036 0.0012 0.0000 0.0075 0.0017 0.0056 0.0024 0.0123 0.0017 0.0026 0.0019 0.0010 0.1107 0.0023 0.0000 0.0000 0.0108 0.0000 0.0807 0.0000 0.0000 0.0000 0.0000 0.0000 0.0000 0.0000
0.0007 0.0104 0.0410 0.0264 0.0215 0.0050 0.0017 0.0041 0.0043 0.0041 0.0006 0.0523 0.0281 0.0196 0.0034 0.0089 0.0039 0.0000 0.0000 0.0002 0.0229 0.0282 0.0014 0.0013 0.0017 0.0008 0.0002 0.0000 0.0002 0.0054 0.0027 0.0082 0.0003 0.0006 0.0004 0.0009 0.0000 0.0047 0.0013 0.0049 0.0009 0.2263 0.0007 0.0035 0.0009 0.0011 0.0006 0.0006 0.0005 0.0002 0.0014 0.0009 0.0001 0.0002 0.0016 0.0000 0.0291 0.0956 0.0121 0.0290 0.0193 0.0187 0.2295 0.0053
0.0001 0.0053 0.0142 0.0182 0.0298 0.0045 0.0030 0.0014 0.0022 0.0031 0.0005 0.0410 0.0171 0.0133 0.0034 0.0107 0.0045 0.0000 0.0000 0.0000 0.0287 0.0357 0.0012 0.0012 0.0015 0.0007 0.0004 0.0000 0.0003 0.0048 0.0025 0.0073 0.0005 0.0010 0.0009 0.0020 0.0000 0.0243 0.0031 0.0008 0.0005 0.0084 0.0010 0.0045 0.0006 0.0010 0.0002 0.0002 0.0002 0.0001 0.0014 0.0009 0.0000 0.0000 0.0008 0.0001 0.0309 0.2608 0.0245 0.0586 0.0253 0.0306 0.1130 0.1466
0.0145 0.0461 0.1691 0.0603 0.0001 0.0000 0.0000 0.0063 0.0000 0.0232 0.0205 0.0000 0.1720 0.2005 0.1838 0.0000 0.0017 0.0001 0.0000 0.0000 0.0000 0.0003 0.0003 0.0000 0.0000 0.0000 0.0000 0.0000 0.0000 0.0000 0.0000 0.0000 0.0000 0.0000 0.0000 0.0000 0.0000 0.0000 0.0008 0.0276 0.0060 0.0512 0.0000 0.0000 0.0000 0.0000 0.0000 0.0000 0.0000 0.0000 0.0000 0.0000 0.0000 0.0000 0.0000 0.0000 0.0148 0.0004 0.0001 0.0002 0.0002 0.0000 0.0000 0.0000
0.0000 0.0015 0.0179 0.1593 0.0347 0.0008 0.0000 0.0003 0.1955 0.0282 0.0006 0.0221 0.0957 0.2044 0.0043 0.0153 0.0721 0.0000 0.0000 0.0000 0.0393 0.0407 0.0003 0.0005 0.0004 0.0002 0.0000 0.0000 0.0000 0.0011 0.0005 0.0017 0.0000 0.0000 0.0000 0.0000 0.0000 0.0002 0.0000 0.0034 0.0035 0.0006 0.0011 0.0058 0.0014 0.0008 0.0046 0.0000 0.0000 0.0000 0.0007 0.0000 0.0002 0.0000 0.0003 0.0000 0.0004 0.0028 0.0005 0.0010 0.0337 0.0002 0.0015 0.0000
0.0062 0.0220 0.0962 0.0999 0.0254 0.0095 0.0018 0.0049 0.0198 0.0218 0.0005 0.3127 0.1221 0.0866 0.0034 0.0108 0.0049 0.0000 0.0000 0.0003 0.1150 0.0335 0.0027 0.0000 0.0000 0.0000 0.0000 0.0000 0.0000 0.0000 0.0000 0.0000 0.0000 0.0000 0.0000 0.0000 0.0000 0.0000 0.0000 0.0000 0.0000 0.0000 0.0000 0.0000 0.0000 0.0000 0.0000 0.0000 0.0000 0.0000 0.0000 0.0000 0.0000 0.0000 0.0000 0.0000 0.0000 0.0000 0.0000 0.0000 0.0000 0.0000 0.0000 0.0000
0.0000 0.0000 0.0728 0.0435 0.0248 0.0623 0.0000 0.0538 0.0076 0.0103 0.0004 0.2103 0.0000 0.0412 0.0031 0.0109 0.0045 0.0011 0.0264 0.0006 0.0283 0.0345 0.0192 0.0235 0.0020 0.0111 0.0006 0.0000 0.0000 0.0000 0.0355 0.0277 0.0000 0.0026 0.0000 0.0006 0.0006 0.0000 0.0032 0.0011 0.0000 0.0067 0.0015 0.0050 0.0022 0.0111 0.0015 0.0024 0.0017 0.0009 0.0997 0.0203 0.0000 0.0000 0.0097 0.0000 0.0727 0.0000 0.0000 0.0000 0.0000 0.0000 0.0000 0.0000
0.0008 0.0113 0.0445 0.0287 0.0234 0.0054 0.0018 0.0045 0.0046 0.0045 0.0007 0.0567 0.0306 0.0212 0.0037 0.0097 0.0042 0.0000 0.0000 0.0002 0.0249 0.0306 0.0015 0.0015 0.0018 0.0009 0.0002 0.0000 0.0002 0.0059 0.0029 0.0089 0.0003 0.0006 0.0004 0.0010 0.0000 0.0051 0.0014 0.0053 0.0010 0.1601 0.0008 0.0038 0.0009 0.0012 0.0006 0.0007 0.0005 0.0002 0.0015 0.0009 0.0001 0.0002 0.0017 0.0000 0.0316 0.1038 0.0131 0.0315 0.0210 0.0203 0.2492 0.0057
0.0001 0.0048 0.0129 0.0165 0.0270 0.0041 0.0027 0.0013 0.0020 0.0028 0.0005 0.0372 0.0155 0.0121 0.0031 0.0097 0.0041 0.0000 0.0000 0.0000 0.0260 0.0323 0.0011 0.0011 0.0014 0.0007 0.0004 0.0000 0.0003 0.0044 0.0022 0.0066 0.0005 0.0009 0.0008 0.0018 0.0000 0.0221 0.0028 0.0007 0.0005 0.0076 0.0009 0.0041 0.0006 0.0009 0.0002 0.0002 0.0002 0.0001 0.0013 0.0008 0.0000 0.0000 0.0007 0.0001 0.0280 0.2364 0.0222 0.0531 0.0229 0.0278 0.1959 0.1329
0.0145 0.0461 0.1691 0.0603 0.0001 0.0000 0.0000 0.0063 0.0000 0.0232 0.0205 0.0000 0.1720 0.2005 0.1838 0.0000 0.0017 0.0001 0.0000 0.0000 0.0000 0.0003 0.0003 0.0000 0.0000 0.0000 0.0000 0.0000 0.0000 0.0000 0.0000 0.0000 0.0000 0.0000 0.0000 0.0000 0.0000 0.0000 0.0008 0.0276 0.0060 0.0512 0.0000 0.0000 0.0000 0.0000 0.0000 0.0000 0.0000 0.0000 0.0000 0.0000 0.0000 0.0000 0.0000 0.0000 0.0148 0.0004 0.0001 0.0002 0.0002 0.0000 0.0000 0.0000
0.0000 0.0014 0.0175 0.1558 0.0339 0.0008 0.0000 0.0003 0.1911 0.0276 0.0006 0.0216 0.1160 0.1998 0.0042 0.0150 0.0705 0.0000 0.0000 0.0000 0.0385 0.0398 0.0003 0.0005 0.0004 0.0002 0.0000 0.0000 0.0000 0.0010 0.0005 0.0016 0.0000 0.0000 0.0000 0.0000 0.0000 0.0001 0.0000 0.0033 0.0034 0.0006 0.0010 0.0056 0.0013 0.0007 0.0045 0.0000 0.0000 0.0000 0.0007 0.0000 0.0002 0.0000 0.0003 0.0000 0.0004 0.0027 0.0004 0.0010 0.0329 0.0002 0.0014 0.0000
0.0008 0.0113 0.0445 0.0287 0.0234 0.0054 0.0018 0.0045 0.0046 0.0045 0.0007 0.0567 0.0306 0.0212 0.0037 0.0097 0.0042 0.0000 0.0000 0.0002 0.0249 0.0306 0.0015 0.0015 0.0018 0.0009 0.0002 0.0000 0.0002 0.0059 0.0029 0.0089 0.0003 0.0006 0.0004 0.0010 0.0000 0.0051 0.0014 0.0053 0.0010 0.1601 0.0008 0.0038 0.0009 0.0012 0.0006 0.0007 0.0005 0.0002 0.0015 0.0009 0.0001 0.0002 0.0017 0.0000 0.0316 0.1038 0.0131 0.0315 0.0210 0.0203 0.2492 0.0057
0.0056 0.0199 0.0871 0.0904 0.0229 0.0086 0.0016 0.0044 0.0179 0.0197 0.0005 0.2829 0.1105 0.0783 0.0031 0.0098 0.0044 0.0000 0.0000 0.0002 0.1993 0.0303 0.0025 0.0000 0.0000 0.0000 0.0000 0.0000 0.0000 0.0000 0.0000 0.0000 0.0000 0.0000 0.0000 0.0000 0.0000 0.0000 0.0000 0.0000 0.0000 0.0000 0.0000 0.0000 0.0000 0.0000 0.0000 0.0000 0.0000 0.0000 0.0000 0.0000 0.0000 0.0000 0.0000 0.0000 0.0000 0.0000 0.0000 0.0000 0.0000 0.0000 0.0000 0.0000
0.0000 0.0015 0.0179 0.1593 0.0347 0.0008 0.0000 0.0003 0.1955 0.0282 0.0006 0.0221 0.0957 0.2044 0.0043 0.0153 0.0721 0.0000 0.0000 0.0000 0.0393 0.0407 0.0003 0.0005 0.0004 0.0002 0.0000 0.0000 0.0000 0.0011 0.0005 0.0017 0.0000 0.0000 0.0000 0.0000 0.0000 0.0002 0.0000 0.0034 0.0035 0.0006 0.0011 0.0058 0.0014 0.0008 0.0046 0.0000 0.0000 0.0000 0.0007 0.0000 0.0002 0.0000 0.0003 0.0000 0.0004 0.0028 0.0005 0.0010 0.0337 0.0002 0.0015 0.0000
0.0000 0.0000 0.0674 0.0403 0.0230 0.0576 0.0000 0.0498 0.0071 0.0095 0.0004 0.1946 0.0000 0.0381 0.0029 0.0101 0.0042 0.0010 0.0245 0.0006 0.0262 0.0319 0.0178 0.0218 0.0019 0.0103 0.0006 0.0000 0.0000 0.0000 0.0329 0.0256 0.0000 0.0024 0.0000 0.0006 0.0006 0.0000 0.0030 0.0010 0.0000 0.0062 0.0014 0.0047 0.0020 0.0103 0.0014 0.0022 0.0016 0.0008 0.1673 0.0188 0.0000 0.0000 0.0090 0.0000 0.0672 0.0000 0.0000 0.0000 0.0000 0.0000 0.0000 0.0000
0.0008 0.0113 0.0445 0.0287 0.0234 0.0054 0.0018 0.0045 0.0046 0.0045 0.0007 0.0567 0.0306 0.0212 0.0037 0.0097 0.0042 0.0000 0.0000 0.0002 0.0249 0.0306 0.0015 0.0015 0.0018 0.0009 0.0002 0.0000 0.0002 0.0059 0.0029 0.0089 0.0003 0.0006 0.0004 0.0010 0.0000 0.0051 0.0014 0.0053 0.0010 0.1601 0.0008 0.0038 0.0009 0.0012 0.0006 0.0007 0.0005 0.0002 0.0015 0.0009 0.0001 0.0002 0.0017 0.0000 0.0316 0.1038 0.0131 0.0315 0.0210 0.0203 0.2492 0.0057
0.0056 0.0199 0.0871 0.0904 0.0229 0.0086 0.0016 0.0044 0.0179 0.0197 0.0005 0.2829 0.1105 0.0783 0.0031 0.0098 0.0044 0.0000 0.0000 0.0002 0.1993 0.0303 0.0025 0.0000 0.0000 0.0000 0.0000 0.0000 0.0000 0.0000 0.0000 0.0000 0.0000 0.0000 0.0000 0.0000 0.0000 0.0000 0.0000 0.0000 0.0000 0.0000 0.0000 0.0000 0.0000 0.0000 0.0000 0.0000 0.0000 0.0000 0.0000 0.0000 0.0000 0.0000 0.0000 0.0000 0.0000 0.0000 0.0000 0.0000 0.0000 0.0000 0.0000 0.0000
0.0145 0.0461 0.1691 0.0603 0.0001 0.0000 0.0000 0.0063 0.0000 0.0232 0.0205 0.0000 0.1720 0.2005 0.1838 0.0000 0.0017 0.0001 0.0000 0.0000 0.0000 0.0003 0.0003 0.0000 0.0000 0.0000 0.0000 0.0000 0.0000 0.0000 0.0000 0.0000 0.0000 0.0000 0.0000 0.0000 0.0000 0.0000 0.0008 0.0276 0.0060 0.0512 0.0000 0.0000 0.0000 0.0000 0.0000 0.0000 0.0000 0.0000 0.0000 0.0000 0.0000 0.0000 0.0000 0.0000 0.0148 0.0004 0.0001 0.0002 0.0002 0.0000 0.0000 0.0000
0.0000 0.0014 0.0175 0.1558 0.0339 0.0008 0.0000 0.0003 0.1911 0.0276 0.0006 0.0216 0.1160 0.1998 0.0042 0.0150 0.0705 0.0000 0.0000 0.0000 0.0385 0.0398 0.0003 0.0005 0.0004 0.0002 0.0000 0.0000 0.0000 0.0010 0.0005 0.0016 0.0000 0.0000 0.0000 0.0000 0.0000 0.0001 0.0000 0.0033 0.0034 0.0006 0.0010 0.0056 0.0013 0.0007 0.0045 0.0000 0.0000 0.0000 0.0007 0.0000 0.0002 0.0000 0.0003 0.0000 0.0004 0.0027 0.0004 0.0010 0.0329 0.0002 0.0014 0.0000
0.0000 0.0015 0.0179 0.1593 0.0347 0.0008 0.0000 0.0003 0.1955 0.0282 0.0006 0.0221 0.0957 0.2044 0.0043 0.0153 0.0721 0.0000 0.0000 0.0000 0.0393 0.0407 0.0003 0.0005 0.0004 0.0002 0.0000 0.0000 0.0000 0.0011 0.0005 0.0017 0.0000 0.0000 0.0000 0.0000 0.0000 0.0002 0.0000 0.0034 0.0035 0.0006 0.0011 0.0058 0.0014 0.0008 0.0046 0.0000 0.0000 0.0000 0.0007 0.0000 0.0002 0.0000 0.0003 0.0000 0.0004 0.0028 0.0005 0.0010 0.0337 0.0002 0.0015 0.0000
0.0000 0.0000 0.0674 0.0403 0.0230 0.0576 0.0000 0.0498 0.0071 0.0095 0.0004 0.1946 0.0000 0.0381 0.0029 0.0101 0.0042 0.0010 0.0245 0.0006 0.0262 0.0319 0.0178 0.0218 0.0019 0.0103 0.0006 0.0000 0.0000 0.0000 0.0329 0.0256 0.0000 0.0024 0.0000 0.0006 0.0006 0.0000 0.0030 0.0010 0.0000 0.0062 0.0014 0.0047 0.0020 0.0103 0.0014 0.0022 0.0016 0.0008 0.1673 0.0188 0.0000 0.0000 0.0090 0.0000 0.0672 0.0000 0.0000 0.0000 0.0000 0.0000 0.0000 0.0000
0.0000 0.0014 0.0177 0.1575 0.0343 0.0008 0.0000 0.0003 0.2690 0.0279 0.0006 0.0218 0.0946 0.2020 0.0042 0.0152 0.0071 0.0000 0.0000 0.0000 0.0389 0.0402 0.0003 0.0005 0.0004 0.0002 0.0000 0.0000 0.0000 0.0011 0.0005 0.0017 0.0000 0.0000 0.0000 0.0000 0.0000 0.0002 0.0000 0.0033 0.0035 0.0006 0.0011 0.0057 0.0014 0.0008 0.0045 0.0000 0.0000 0.0000 0.0007 0.0000 0.0002 0.0000 0.0003 0.0000 0.0004 0.0027 0.0005 0.0010 0.0333 0.0002 0.0014 0.0000
0.0009 0.0132 0.0520 0.0335 0.0273 0.0063 0.0021 0.0052 0.0054 0.0052 0.0008 0.0663 0.0357 0.0248 0.0043 0.0113 0.0049 0.0000 0.0000 0.0002 0.0291 0.0358 0.0018 0.0017 0.0021 0.0010 0.0002 0.0000 0.0002 0.0069 0.0034 0.0104 0.0004 0.0007 0.0005 0.0012 0.0000 0.0059 0.0016 0.0062 0.0012 0.0187 0.0009 0.0044 0.0011 0.0014 0.0007 0.0008 0.0006 0.0002 0.0018 0.0011 0.0001 0.0002 0.0020 0.0000 0.0369 0.2213 0.0153 0.0368 0.0245 0.0237 0.1911 0.0067
0.0151 0.0481 0.1764 0.0629 0.0001 0.0000 0.0000 0.0066 0.0000 0.0242 0.0214 0.0000 0.2225 0.2091 0.1055 0.0000 0.0017 0.0001 0.0000 0.0000 0.0000 0.0003 0.0003 0.0000 0.0000 0.0000 0.0000 0.0000 0.0000 0.0000 0.0000 0.0000 0.0000 0.0000 0.0000 0.0000 0.0000 0.0000 0.0009 0.0288 0.0062 0.0534 0.0000 0.0000 0.0000 0.0000 0.0000 0.0000 0.0000 0.0000 0.0000 0.0000 0.0000 0.0000 0.0000 0.0000 0.0154 0.0004 0.0001 0.0003 0.0002 0.0000 0.0000 0.0000
0.0000 0.0000 0.0808 0.0483 0.0276 0.0691 0.0000 0.0598 0.0085 0.0114 0.0005 0.1435 0.0000 0.0457 0.0034 0.0122 0.0050 0.0012 0.0294 0.0007 0.0314 0.0383 0.0213 0.0261 0.0023 0.0123 0.0007 0.0000 0.0000 0.0000 0.0394 0.0307 0.0000 0.0029 0.0000 0.0007 0.0007 0.0000 0.0036 0.0012 0.0000 0.0075 0.0017 0.0056 0.0024 0.0123 0.0017 0.0026 0.0019 0.0010 0.1107 0.0023 0.0000 0.0000 0.0108 0.0000 0.0807 0.0000 0.0000 0.0000 0.0000 0.0000 0.0000 0.0000
0.0007 0.0104 0.0410 0.0264 0.0215 0.0050 0.0017 0.0041 0.0043 0.0041 0.0006 0.0523 0.0281 0.0196 0.0034 0.0089 0.0039 0.0000 0.0000 0.0002 0.0229 0.0282 0.0014 0.0013 0.0017 0.0008 0.0002 0.0000 0.0002 0.0054 0.0027 0.0082 0.0003 0.0006 0.0004 0.0009 0.0000 0.0047 0.0013 0.0049 0.0009 0.2263 0.0007 0.0035 0.0009 0.0011 0.0006 0.0006 0.0005 0.0002 0.0014 0.0009 0.0001 0.0002 0.0016 0.0000 0.0291 0.0956 0.0121 0.0290 0.0193 0.0187 0.2295 0.0053
0.0001 0.0053 0.0142 0.0182 0.0298 0.0045 0.0030 0.0014 0.0022 0.0031 0.0005 0.0410 0.0171 0.0133 0.0034 0.0107 0.0045 0.0000 0.0000 0.0000 0.0287 0.0357 0.0012 0.0012 0.0015 0.0007 0.0004 0.0000 0.0003 0.0048 0.0025 0.0073 0.0005 0.0010 0.0009 0.0020 0.0000 0.0243 0.0031 0.0008 0.0005 0.0084 0.0010 0.0045 0.0006 0.0010 0.0002 0.0002 0.0002 0.0001 0.0014 0.0009 0.0000 0.0000 0.0008 0.0001 0.0309 0.2608 0.0245 0.0586 0.0253 0.0306 0.1130 0.1466
0.0151 0.0481 0.1764 0.0629 0.0001 0.0000 0.0000 0.0066 0.0000 0.0242 0.0214 0.0000 0.2225 0.2091 0.1055 0.0000 0.0017 0.0001 0.0000 0.0000 0.0000 0.0003 0.0003 0.0000 0.0000 0.0000 0.0000 0.0000 0.0000 0.0000 0.0000 0.0000 0.0000 0.0000 0.0000 0.0000 0.0000 0.0000 0.0009 0.0288 0.0062 0.0534 0.0000 0.0000 0.0000 0.0000 0.0000 0.0000 0.0000 0.0000 0.0000 0.0000 0.0000 0.0000 0.0000 0.0000 0.0154 0.0004 0.0001 0.0003 0.0002 0.0000 0.0000 0.0000
0.0000 0.0014 0.0177 0.1575 0.0343 0.0008 0.0000 0.0003 0.2690 0.0279 0.0006 0.0218 0.0946 0.2020 0.0042 0.0152 0.0071 0.0000 0.0000 0.0000 0.0389 0.0402 0.0003 0.0005 0.0004 0.0002 0.0000 0.0000 0.0000 0.0011 0.0005 0.0017 0.0000 0.0000 0.0000 0.0000 0.0000 0.0002 0.0000 0.0033 0.0035 0.0006 0.0011 0.0057 0.0014 0.0008 0.0045 0.0000 0.0000 0.0000 0.0007 0.0000 0.0002 0.0000 0.0003 0.0000 0.0004 0.0027 0.0005 0.0010 0.0333 0.0002 0.0014 0.0000
0.0062 0.0220 0.0962 0.0999 0.0254 0.0095 0.0018 0.0049 0.0198 0.0218 0.0005 0.3127 0.1221 0.0866 0.0034 0.0108 0.0049 0.0000 0.0000 0.0003 0.1150 0.0335 0.0027 0.0000 0.0000 0.0000 0.0000 0.0000 0.0000 0.0000 0.0000 0.0000 0.0000 0.0000 0.0000 0.0000 0.0000 0.0000 0.0000 0.0000 0.0000 0.0000 0.0000 0.0000 0.0000 0.0000 0.0000 0.0000 0.0000 0.0000 0.0000 0.0000 0.0000 0.0000 0.0000 0.0000 0.0000 0.0000 0.0000 0.0000 0.0000 0.0000 0.0000 0.0000
0.0000 0.0000 0.0808 0.0483 0.0276 0.0691 0.0000 0.0598 0.0085 0.0114 0.0005 0.1435 0.0000 0.0457 0.0034 0.0122 0.0050 0.0012 0.0294 0.0007 0.0314 0.0383 0.0213 0.0261 0.0023 0.0123 0.0007 0.0000 0.0000 0.0000 0.0394 0.0307 0.0000 0.0029 0.0000 0.0007 0.0007 0.0000 0.0036 0.0012 0.0000 0.0075 0.0017 0.0056 0.0024 0.0123 0.0017 0.0026 0.0019 0.0010 0.1107 0.0023 0.0000 0.0000 0.0108 0.0000 0.0807 0.0000 0.0000 0.0000 0.0000 0.0000 0.0000 0.0000
0.0007 0.0104 0.0410 0.0264 0.0215 0.0050 0.0017 0.0041 0.0043 0.0041 0.0006 0.0523 0.0281 0.0196 0.0034 0.0089 0.0039 0.0000 0.0000 0.0002 0.0229 0.0282 0.0014 0.0013 0.0017 0.0008 0.0002 0.0000 0.0002 0.0054 0.0027 0.0082 0.0003 0.0006 0.0004 0.0009 0.0000 0.0047 0.0013 0.0049 0.0009 0.2263 0.0007 0.0035 0.0009 0.0011 0.0006 0.0006 0.0005 0.0002 0.0014 0.0009 0.0001 0.0002 0.0016 0.0000 0.0291 0.0956 0.0121 0.0290 0.0193 0.0187 0.2295 0.0053
0.0001 0.0053 0.0142 0.0182 0.0298 0.0045 0.0030 0.0014 0.0022 0.0031 0.0005 0.0410 0.0171 0.0133 0.0034 0.0107 0.0045 0.0000 0.0000 0.0000 0.0287 0.0357 0.0012 0.0012 0.0015 0.0007 0.0004 0.0000 0.0003 0.0048 0.0025 0.0073 0.0005 0.0010 0.0009 0.0020 0.0000 0.0243 0.0031 0.0008 0.0005 0.0084 0.0010 0.0045 0.0006 0.0010 0.0002 0.0002 0.0002 0.0001 0.0014 0.0009 0.0000 0.0000 0.0008 0.0001 0.0309 0.2608 0.0245 0.0586 0.0253 0.0306 0.1130 0.1466
0.0145 0.0461 0.1691 0.0603 0.0001 0.0000 0.0000 0.0063 0.0000 0.0232 0.0205 0.0000 0.1720 0.2005 0.1838 0.0000 0.0017 0.0001 0.0000 0.0000 0.0000 0.0003 0.0003 0.0000 0.0000 0.0000 0.0000 0.0000 0.0000 0.0000 0.0000 0.0000 0.0000 0.0000 0.0000 0.0000 0.0000 0.0000 0.0008 0.0276 0.0060 0.0512 0.0000 0.0000 0.0000 0.0000 0.0000 0.0000 0.0000 0.0000 0.0000 0.0000 0.0000 0.0000 0.0000 0.0000 0.0148 0.0004 0.0001 0.0002 0.0002 0.0000 0.0000 0.0000
0.0000 0.0014 0.0175 0.1558 0.0339 0.0008 0.0000 0.0003 0.1911 0.0276 0.0006 0.0216 0.1160 0.1998 0.0042 0.0150 0.0705 0.0000 0.0000 0.0000 0.0385 0.0398 0.0003 0.0005 0.0004 0.0002 0.0000 0.0000 0.0000 0.0010 0.0005 0.0016 0.0000 0.0000 0.0000 0.0000 0.0000 0.0001 0.0000 0.0033 0.0034 0.0006 0.0010 0.0056 0.0013 0.0007 0.0045 0.0000 0.0000 0.0000 0.0007 0.0000 0.0002 0.0000 0.0003 0.0000 0.0004 0.0027 0.0004 0.0010 0.0329 0.0002 0.0014 0.0000
0.0151 0.0481 0.1764 0.0629 0.0001 0.0000 0.0000 0.0066 0.0000 0.0242 0.0214 0.0000 0.2225 0.2091 0.1055 0.0000 0.0017 0.0001 0.0000 0.0000 0.0000 0.0003 0.0003 0.0000 0.0000 0.0000 0.0000 0.0000 0.0000 0.0000 0.0000 0.0000 0.0000 0.0000 0.0000 0.0000 0.0000 0.0000 0.0009 0.0288 0.0062 0.0534 0.0000 0.0000 0.0000 0.0000 0.0000 0.0000 0.0000 0.0000 0.0000 0.0000 0.0000 0.0000 0.0000 0.0000 0.0154 0.0004 0.0001 0.0003 0.0002 0.0000 0.0000 0.0000
0.0000 0.0000 0.0808 0.0483 0.0276 0.0691 0.0000 0.0598 0.0085 0.0114 0.0005 0.1435 0.0000 0.0457 0.0034 0.0122 0.0050 0.0012 0.0294 0.0007 0.0314 0.0383 0.0213 0.0261 0.0023 0.0123 0.0007 0.0000 0.0000 0.0000 0.0394 0.0307 0.0000 0.0029 0.0000 0.0007 0.0007 0.0000 0.0036 0.0012 0.0000 0.0075 0.0017 0.0056 0.0024 0.0123 0.0017 0.0026 0.0019 0.0010 0.1107 0.0023 0.0000 0.0000 0.0108 0.0000 0.0807 0.0000 0.0000 0.0000 0.0000 0.0000 0.0000 0.0000
0.0008 0.0113 0.0445 0.0287 0.0234 0.0054 0.0018 0.0045 0.0046 0.0045 0.0007 0.0567 0.0306 0.0212 0.0037 0.0097 0.0042 0.0000 0.0000 0.0002 0.0249 0.0306 0.0015 0.0015 0.0018 0.0009 0.0002 0.0000 0.0002 0.0059 0.0029 0.0089 0.0003 0.0006 0.0004 0.0010 0.0000 0.0051 0.0014 0.0053 0.0010 0.1601 0.0008 0.0038 0.0009 0.0012 0.0006 0.0007 0.0005 0.0002 0.0015 0.0009 0.0001 0.0002 0.0017 0.0000 0.0316 0.1038 0.0131 0.0315 0.0210 0.0203 0.2492 0.0057
0.0000 0.0015 0.0179 0.1593 0.0347 0.0008 0.0000 0.0003 0.1955 0.0282 0.0006 0.0221 0.0957 0.2044 0.0043 0.0153 0.0721 0.0000 0.0000 0.0000 0.0393 0.0407 0.0003 0.0005 0.0004 0.0002 0.0000 0.0000 0.0000 0.0011 0.0005 0.0017 0.0000 0.0000 0.0000 0.0000 0.0000 0.0002 0.0000 0.0034 0.0035 0.0006 0.0011 0.0058 0.0014 0.0008 0.0046 0.0000 0.0000 0.0000 0.0007 0.0000 0.0002 0.0000 0.0003 0.0000 0.0004 0.0028 0.0005 0.0010 0.0337 0.0002 0.0015 0.0000
0.0007 0.0104 0.0410 0.0264 0.0215 0.0050 0.0017 0.0041 0.0043 0.0041 0.0006 0.0523 0.0281 0.0196 0.0034 0.0089 0.0039 0.0000 0.0000 0.0002 0.0229 0.0282 0.0014 0.0013 0.0017 0.0008 0.0002 0.0000 0.0002 0.0054 0.0027 0.0082 0.0003 0.0006 0.0004 0.0009 0.0000 0.0047 0.0013 0.0049 0.0009 0.2263 0.0007 0.0035 0.0009 0.0011 0.0006 0.0006 0.0005 0.0002 0.0014 0.0009 0.0001 0.0002 0.0016 0.0000 0.0291 0.0956 0.0121 0.0290 0.0193 0.0187 0.2295 0.0053
0.0001 0.0053 0.0142 0.0182 0.0298 0.0045 0.0030 0.0014 0.0022 0.0031 0.0005 0.0410 0.0171 0.0133 0.0034 0.0107 0.0045 0.0000 0.0000 0.0000 0.0287 0.0357 0.0012 0.0012 0.0015 0.0007 0.0004 0.0000 0.0003 0.0048 0.0025 0.0073 0.0005 0.0010 0.0009 0.0020 0.0000 0.0243 0.0031 0.0008 0.0005 0.0084 0.0010 0.0045 0.0006 0.0010 0.0002 0.0002 0.0002 0.0001 0.0014 0.0009 0.0000 0.0000 0.0008 0.0001 0.0309 0.2608 0.0245 0.0586 0.0253 0.0306 0.1130 0.1466
0.0000 0.0000 0.0674 0.0403 0.0230 0.0576 0.0000 0.0498 0.0071 0.0095 0.0004 0.1946 0.0000 0.0381 0.0029 0.0101 0.0042 0.0010 0.0245 0.0006 0.0262 0.0319 0.0178 0.0218 0.0019 0.0103 0.0006 0.0000 0.0000 0.0000 0.0329 0.0256 0.0000 0.0024 0.0000 0.0006 0.0006 0.0000 0.0030 0.0010 0.0000 0.0062 0.0014 0.0047 0.0020 0.0103 0.0014 0.0022 0.0016 0.0008 0.1673 0.0188 0.0000 0.0000 0.0090 0.0000 0.0672 0.0000 0.0000 0.0000 0.0000 0.0000 0.0000 0.0000
0.0000 0.0000 0.0808 0.0483 0.0276 0.0691 0.0000 0.0598 0.0085 0.0114 0.0005 0.1435 0.0000 0.0457 0.0034 0.0122 0.0050 0.0012 0.0294 0.0007 0.0314 0.0383 0.0213 0.0261 0.0023 0.0123 0.0007 0.0000 0.0000 0.0000 0.0394 0.0307 0.0000 0.0029 0.0000 0.0007 0.0007 0.0000 0.0036 0.0012 0.0000 0.0075 0.0017 0.0056 0.0024 0.0123 0.0017 0.0026 0.0019 0.0010 0.1107 0.0023 0.0000 0.0000 0.0108 0.0000 0.0807 0.0000 0.0000 0.0000 0.0000 0.0000 0.0000 0.0000
0.0008 0.0113 0.0445 0.0287 0.0234 0.0054 0.0018 0.0045 0.0046 0.0045 0.0007 0.0567 0.0306 0.0212 0.0037 0.0097 0.0042 0.0000 0.0000 0.0002 0.0249 0.0306 0.0015 0.0015 0.0018 0.0009 0.0002 0.0000 0.0002 0.0059 0.0029 0.0089 0.0003 0.0006 0.0004 0.0010 0.0000 0.0051 0.0014 0.0053 0.0010 0.1601 0.0008 0.0038 0.0009 0.0012 0.0006 0.0007 0.0005 0.0002 0.0015 0.0009 0.0001 0.0002 0.0017 0.0000 0.0316 0.1038 0.0131 0.0315 0.0210 0.0203 0.2492 0.0057
0.0000 0.0015 0.0179 0.1593 0.0347 0.0008 0.0000 0.0003 0.1955 0.0282 0.0006 0.0221 0.0957 0.2044 0.0043 0.0153 0.0721 0.0000 0.0000 0.0000 0.0393 0.0407 0.0003 0.0005 0.0004 0.0002 0.0000 0.0000 0.0000 0.0011 0.0005 0.0017 0.0000 0.0000 0.0000 0.0000 0.0000 0.0002 0.0000 0.0034 0.0035 0.0006 0.0011 0.0058 0.0014 0.0008 0.0046 0.0000 0.0000 0.0000 0.0007 0.0000 0.0002 0.0000 0.0003 0.0000 0.0004 0.0028 0.0005 0.0010 0.0337 0.0002 0.0015 0.0000
0.0007 0.0104 0.0410 0.0264 0.0215 0.0050 0.0017 0.0041 0.0043 0.0041 0.0006 0.0523 0.0281 0.0196 0.0034 0.0089 0.0039 0.0000 0.0000 0.0002 0.0229 0.0282 0.0014 0.0013 0.0017 0.0008 0.0002 0.0000 0.0002 0.0054 0.0027 0.0082 0.0003 0.0006 0.0004 0.0009 0.0000 0.0047 0.0013 0.0049 0.0009 0.2263 0.0007 0.0035 0.0009 0.0011 0.0006 0.0006 0.0005 0.0002 0.0014 0.0009 0.0001 0.0002 0.0016 0.0000 0.0291 0.0956 0.0121 0.0290 0.0193 0.0187 0.2295 0.0053
0.0001 0.0053 0.0142 0.0182 0.0298 0.0045 0.0030 0.0014 0.0022 0.0031 0.0005 0.0410 0.0171 0.0133 0.0034 0.0107 0.0045 0.0000 0.0000 0.0000 0.0287 0.0357 0.0012 0.0012 0.0015 0.0007 0.0004 0.0000 0.0003 0.0048 0.0025 0.0073 0.0005 0.0010 0.0009 0.0020 0.0000 0.0243 0.0031 0.0008 0.0005 0.0084 0.0010 0.0045 0.0006 0.0010 0.0002 0.0002 0.0002 0.0001 0.0014 0.0009 0.0000 0.0000 0.0008 0.0001 0.0309 0.2608 0.0245 0.0586 0.0253 0.0306 0.1130 0.1466
0.0000 0.0000 0.0674 0.0403 0.0230 0.0576 0.0000 0.0498 0.0071 0.0095 0.0004 0.1946 0.0000 0.0381 0.0029 0.0101 0.0042 0.0010 0.0245 0.0006 0.0262 0.0319 0.0178 0.0218 0.0019 0.0103 0.0006 0.0000 0.0000 0.0000 0.0329 0.0256 0.0000 0.0024 0.0000 0.0006 0.0006 0.0000 0.0030 0.0010 0.0000 0.0062 0.0014 0.0047 0.0020 0.0103 0.0014 0.0022 0.0016 0.0008 0.1673 0.0188 0.0000 0.0000 0.0090 0.0000 0.0672 0.0000 0.0000 0.0000 0.0000 0.0000 0.0000 0.0000
0.0000 0.0000 0.0674 0.0403 0.0230 0.0576 0.0000 0.0498 0.0071 0.0095 0.0004 0.1946 0.0000 0.0381 0.0029 0.0101 0.0042 0.0010 0.0245 0.0006 0.0262 0.0319 0.0178 0.0218 0.0019 0.0103 0.0006 0.0000 0.0000 0.0000 0.0329 0.0256 0.0000 0.0024 0.0000 0.0006 0.0006 0.0000 0.0030 0.0010 0.0000 0.0062 0.0014 0.0047 0.0020 0.0103 0.0014 0.0022 0.0016 0.0008 0.1673 0.0188 0.0000 0.0000 0.0090 0.0000 0.0672 0.0000 0.0000 0.0000 0.0000 0.0000 0.0000 0.0000
0.0007 0.0104 0.0410 0.0264 0.0215 0.0050 0.0017 0.0041 0.0043 0.0041 0.0006 0.0523 0.0281 0.0196 0.0034 0.0089 0.0039 0.0000 0.0000 0.0002 0.0229 0.0282 0.0014 0.0013 0.0017 0.0008 0.0002 0.0000 0.0002 0.0054 0.0027 0.0082 0.0003 0.0006 0.0004 0.0009 0.0000 0.0047 0.0013 0.0049 0.0009 0.2263 0.0007 0.0035 0.0009 0.0011 0.0006 0.0006 0.0005 0.0002 0.0014 0.0009 0.0001 0.0002 0.0016 0.0000 0.0291 0.0956 0.0121 0.0290 0.0193 0.0187 0.2295 0.0053
0.0001 0.0053 0.0142 0.0182 0.0298 0.0045 0.0030 0.0014 0.0022 0.0031 0.0005 0.0410 0.0171 0.0133 0.0034 0.0107 0.0045 0.0000 0.0000 0.0000 0.0287 0.0357 0.0012 0.0012 0.0015 0.0007 0.0004 0.0000 0.0003 0.0048 0.0025 0.0073 0.0005 0.0010 0.0009 0.0020 0.0000 0.0243 0.0031 0.0008 0.0005 0.0084 0.0010 0.0045 0.0006 0.0010 0.0002 0.0002 0.0002 0.0001 0.0014 0.0009 0.0000 0.0000 0.0008 0.0001 0.0309 0.2608 0.0245 0.0586 0.0253 0.0306 0.1130 0.1466
