7.007349999999999968e-01
6.648570000000000313e-01
2.633860000000000090e-01
3.587800000000000017e-02
5.501380000000000159e-01
4.615139999999999798e-01
3.612380000000000035e-01
8.862399999999999445e-02
4.649099999999999899e-01
3.305100000000000260e-01
4.006899999999999906e-01
1.343999999999999917e-01
4.108999999999999875e-01
2.415229999999999877e-01
4.197230000000000127e-01
1.693769999999999998e-01
3.755999999999999894e-01
1.794520000000000004e-01
4.282520000000000215e-01
1.961479999999999890e-01
3.509909999999999974e-01
1.346350000000000047e-01
4.326530000000000098e-01
2.163559999999999928e-01
3.335369999999999724e-01
1.018550000000000011e-01
4.347809999999999730e-01
2.316819999999999991e-01
3.209819999999999895e-01
7.763299999999999368e-02
4.356679999999999997e-01
2.433500000000000107e-01
3.116260000000000141e-01
5.935700000000000004e-02
4.361050000000000204e-01
2.522690000000000210e-01
3.046400000000000219e-01
4.553700000000000109e-02
4.362559999999999771e-01
2.591040000000000010e-01
