7.174319999999999586e-01
6.673580000000000068e-01
2.324940000000000062e-01
5.007400000000000045e-02
5.738830000000000320e-01
4.537379999999999747e-01
3.059709999999999930e-01
1.201460000000000028e-01
4.920970000000000066e-01
3.155870000000000064e-01
3.313920000000000199e-01
1.765100000000000002e-01
4.418199999999999905e-01
2.236380000000000035e-01
3.399980000000000224e-01
2.181819999999999871e-01
4.107770000000000032e-01
1.613110000000000099e-01
3.397569999999999757e-01
2.494659999999999933e-01
3.886729999999999907e-01
1.172770000000000062e-01
3.399320000000000119e-01
2.713960000000000261e-01
3.732030000000000070e-01
8.592900000000000538e-02
3.395230000000000192e-01
2.872739999999999738e-01
3.622969999999999802e-01
6.339000000000000190e-02
3.387959999999999861e-01
2.989069999999999783e-01
3.543760000000000243e-01
4.688300000000000106e-02
3.381310000000000149e-01
3.074930000000000163e-01
3.486239999999999895e-01
3.478599999999999748e-02
3.375380000000000047e-01
3.138380000000000059e-01
