04-04-96  125.0000  230.0000   62.0000   75.0000   35.0000   54.0000   20.0000  489.0000  434.0000   55.0000  490.0000  467.0000   23.0000  491.0000  485.0000    6.0000  431.0000  436.0000   -5.0000   30.1200   30.1200   30.2800   30.1800    0.7382    0.7958    0.6686   24.0650   31.1298   21.7908   16.8039    6.2105   14.3657   29.7088    5.0549    0.6703   50.2002    0.7454    0.1609    5.3850    1.2233    0.2617    4.4844    3.3100    0.0000    1.7526   17.1127    6.5143   15.0098    1.6981   14.1205
04-07-96  155.0000  205.0000   36.0000   79.1000   35.0000   78.0000   20.0000  492.0000  426.0000   66.0000  493.0000  460.0000   33.0000  494.0000  475.0000   19.0000  433.0000  444.0000  -11.0000   28.8000   28.2000   28.2000   28.0000    0.7374    0.7941    0.6747   24.4980   30.4130   22.4346   16.1505    6.5039   11.4013   30.2046    6.9322    1.2647   50.1971    0.6475    0.1134    4.8131    1.5978    0.2181    3.8869    3.0536    0.4015    1.5813   17.5821    9.9067   13.6992    2.4004   12.3996
02-10-96  160.0000  215.0000   41.0000   75.0000   47.0000   65.0000   25.0000  492.0000  426.0000   66.0000  494.0000  463.0000   31.0000  496.0000  478.0000   18.0000  440.0000  451.0000  -11.0000   30.0000   28.2000   28.2000   28.0000    0.7337    0.8014    0.6767   24.4160   30.5454   21.1333   16.5805    7.3248   12.0637   32.2336    4.6213    1.2312   49.8502    0.5612    0.0000    5.4423    0.9868    0.2663    3.1637    3.6187    0.3562    1.9055   21.0726    5.4184   12.0227    2.0845   10.9683
04-12-96  112.0000  230.0000   21.0000   73.0000   30.0000   63.0000   15.0000  485.0000  430.0000   55.0000  486.0000  465.0000   21.0000  487.0000  470.0000    8.0000  439.0000  447.0000   -8.0000   30.0000   28.8000   29.4000   28.0000    0.7364    0.7964    0.6757   23.2930   28.8258   23.3502   17.4206    7.1104   10.9182   27.4192    5.9341    1.4139   54.3146    0.2231    0.0000    5.0306    0.7569    0.2250    2.8260    3.5269    0.3410    1.8050   20.5531    6.4537   13.1720    2.8540   12.0346
25-07-97  140.0000  230.0000   72.0000   68.0000   30.0000   35.0000   30.0000  484.0000  424.0000  -60.0000  485.0000  461.0000  -24.0000  486.0000  480.0000   -6.0000  420.0000  430.0000   10.0000   30.0000   29.4000   28.2000   27.0000    0.7362    0.8055    0.6814   24.4960   31.1140   21.2220   15.0745    8.0935   12.9490   27.5730    5.1434    1.3846   52.9499    0.6602    0.0737    5.3855    1.2500    0.2611    4.3032    3.2939    0.5014    2.0546   21.6875    8.7973   16.6952    3.6073   14.7631
30-07-97  150.0000  210.0000   22.0000   72.0000   10.0000   74.0000   28.0000  486.0000  422.0000   64.0000  490.0000  461.0000   29.0000  491.0000  481.0000   10.0000  418.0000  428.0000  -10.0000   29.3000   27.7000   28.0000   26.4000    0.7310    0.7986    0.6783   25.6880   31.9220   21.0080   14.7495    6.6325    9.2421   24.3766    4.1424    1.5618   60.6771    0.8190    0.1173    5.4562    1.2672    0.2355    4.3185    3.1889    0.5096    1.5884   20.8794    7.5087   15.1590    2.8181   13.4102
06-08-97  150.0000  240.0000   28.0000   70.0000   29.0000   40.0000   30.0000  497.0000  424.0000   63.0000  490.0000  461.0000   29.0000  491.0000  481.0000   10.0000  423.0000  433.0000  -10.0000   29.3000   28.7000   28.0000   26.3000    0.7324    0.7819    0.6825   24.6900   32.2062   21.5212   15.1527    6.4299   12.2561   28.6716    5.8413    1.5124   51.7187    0.7564    0.0786    6.0685    1.3207    0.2630    4.4739    3.5820    0.5233    1.6204   21.5317    6.7892   14.2270    2.6458   12.6295
13-08-97  150.0000  240.0000    4.0000   68.0000   25.0000   55.0000   20.0000  487.0000  426.0000  -61.0000  490.0000  464.0000  -26.0000  491.0000  485.0000   -6.0000  428.0000  438.0000   10.0000   28.7000   27.8000   27.4000   26.3000    0.7384    0.8016    0.6813   25.0240   30.0881   21.8176   16.3170    6.7533   11.3727   26.7804    7.6342    1.3275   52.8851    0.2372    0.0000    6.2934    1.2516    0.2779    3.7381    3.8033    0.4783    1.7031   21.5708    7.3356   15.1425    2.6360   13.2250
21-08-97  158.0000   74.0000   19.1000   73.0000   20.0000   48.0000   24.0000  487.0000  426.0000   61.0000  488.0000  463.0000   25.0000  489.0000  480.0000    9.0000  427.0000  437.0000  -10.0000   28.8000   29.2000   28.6000   26.3000    0.7410    0.8040    0.6904   23.1150   31.3734   20.6491   15.4726    9.3899   10.5052   26.1032    6.1100    1.5159   55.7658    0.4563    0.0000    5.0186    1.3070    0.2064    3.4722    3.1639    0.4270    1.5258   18.6407   11.1683   20.3320    4.7309   17.6938
27-08-97  155.0000  230.0000   15.0000   69.0000   28.0000   40.0000   28.0000  488.0000  426.0000   62.0000  489.0000  463.0000   26.0000  490.0000  481.0000    9.0000  430.0000  439.0000   -9.0000   29.2000   29.0000   28.6000   26.3000    0.7360    0.8075    0.6614   24.9010   28.8353   23.0593   15.5073    7.6972   11.3176   27.6658    4.0914    1.1541   55.7711    0.5057    0.0000    5.0455    0.9442    0.2242    3.4044    3.0334    0.3723    1.7039   21.9397    7.3394   16.9435    2.5856   14.9934
11-09-97  160.0000  230.0000   10.0000   72.0000   18.0000   54.0000   28.0000  483.0000  426.0000   57.0000  484.0000  461.0000   23.0000  486.0000  479.0000    7.0000  430.0000  439.0000   -9.0000   29.8000   29.2000   29.0000   26.8000    0.7364    0.7916    0.6848   24.4370   29.1449   22.9010   15.6613    7.8558   11.1635   28.4819    6.1508    1.1069   53.0968    0.3945    0.1140    4.9884    1.4901    0.2554    3.8705    3.2102    0.3748    1.9222   19.6781    6.9156   13.7760    2.3735   12.2244
17-09-97  146.0000  200.0000   20.0000   68.0000   30.0000   54.0000   27.0000  485.0000  429.0000   56.0000  486.0000  466.0000   20.0000  487.0000  483.0000    4.0000  435.0000  442.0000   -7.0000   30.4000   29.8000   29.8000   27.2000    0.7368    0.7995    0.6667   24.9070   31.8230   21.3518   15.4017    6.5165   12.8842   32.4456    4.9512    1.4296   48.2894    0.6266    0.0000    5.1351    1.2299    0.2180    2.8784    3.0897    0.4237    1.6740   19.2263    7.7096   14.7003    2.7210   12.8484
24-09-97  148.0000  260.0000   25.0000   68.0000   15.0000   67.0000   20.0000  486.0000  430.0000   56.0000  488.0000  468.0000   20.0000  490.0000  486.0000    4.0000  422.0000  430.0000   -8.0000   30.2000   29.6000   29.8000   27.2000    0.7384    0.7918    0.6589   24.3630   31.2101   19.9389   15.5149    8.9730   10.9825   27.7423    4.3670    1.2340   55.6742    0.6256    0.0507    4.9324    1.2701    0.2388    3.3870    3.0193    0.3789    1.7781   19.6438    9.2344   16.8218    3.5295   14.7073
02-10-97  154.0000  260.0000   15.0000   69.0000   15.0000   65.0000   18.0000  484.0000  428.0000   56.0000  486.0000  464.0000   22.0000  488.0000  483.0000    5.0000  429.0000  436.0000   -7.0000   31.0000   29.8000   29.8000   27.2000    0.7384    0.7918    0.6589   24.2410   31.6783   21.7592   15.6816    6.6398   11.6276   28.4773    6.7749    1.3898   51.7304    0.5199    0.0000    4.7634    1.5031    0.1953    3.1979    2.8550    0.3999    1.5177   18.2869    9.6044   16.1124    3.4284   14.0619
08-10-97  155.0000  240.0000   26.0000   71.0000   30.0000   54.0000   35.0000  487.0000  428.0000   59.0000  487.0000  461.0000   22.0000  487.0000  481.0000    6.0000  434.0000  442.0000   -8.0000   31.2000   29.8000   29.8000   27.8000    0.7384    0.7986    0.6684   24.0040   32.0041   20.9248   16.2065    6.8605   12.1732   28.8304    6.1506    1.0464   51.7994    0.4594    0.2579    4.6914    1.1804    0.2071    3.4121    3.0197    0.3250    1.7561   21.0070    8.5433   14.7634    3.2105   13.0421
16-10-97  175.0000  240.0000    2.0000   68.7000    0.0000  120.0000    0.0000  489.0000  428.0000   61.0000  486.0000  464.0000   22.0000  489.0000  482.0000    7.0000  435.0000  442.0000   -7.0000   29.6000   29.6000   29.8000   27.2000    0.7384    0.7918    0.6589   23.5070   31.8933   20.6470   17.4377    6.5151    8.5430   24.6140    6.6699    1.0786   59.0946    0.5231    0.0000    4.6624    1.4762    0.1963    3.3376    3.0273    0.3218    1.5764   18.8856   10.3219   15.6695    3.0772   13.6887
22-10-97  146.0000  200.0000   20.0000   68.0000   30.0000   54.0000   27.0000  485.0000  429.0000   56.0000  486.0000  466.0000   20.0000  487.0000  483.0000    4.0000  435.0000  442.0000   -7.0000   30.4000   29.8000   29.8000   27.2000    0.7368    0.7995    0.6667   24.6550   31.8047   21.2020   15.6171    6.7212   12.6806   30.3984    5.6930    1.0273   50.2007    0.6477    0.0000    5.8501    1.4417    0.2482    4.0097    3.5147    0.3782    1.5445   20.9865    9.2659   15.0185    3.7016   13.3401
05-11-97  135.0000  200.0000    2.0000   83.3000    0.0000  120.0000    0.0000  468.0000  415.0000   50.0000  469.0000  441.0000   28.0000  470.0000  452.0000   18.0000  420.0000  433.0000   13.0000   30.6000   30.0000   29.6000   28.0000    0.7373    0.8246    0.6757   24.1080   31.1917   22.1890   16.4243    6.0869   13.4010   32.1299   11.6523    2.2590   40.5578    0.2411    0.2185    5.6309    4.3187    0.2380    3.3498    3.7640    0.7616    1.8114   13.7156    7.5339    9.3188    2.7708    8.0667
12-11-97  120.0000  238.0000   28.0000   78.0000   30.0000   54.0000   27.0000  467.0000  419.0000   48.0000  468.0000  441.0000   27.0000  469.0000  453.0000   16.0000  420.0000  432.0000  -13.0000   30.4000   29.8000   29.8000   27.2000    0.7368    0.7995    0.6667   24.5890   32.3166   21.4395   15.5105    6.1444   12.4375   32.1223   10.7140    2.2729   42.4532    0.4953    0.0000    5.5347    2.0520    0.2406    2.1565    3.5281    0.6043    1.6788   17.1986    7.9543   14.2674    3.0376   12.0523
19-11-97  120.0000  250.0000   27.0000   73.0000   35.0000   68.0000   27.0000  483.0000  429.0000   54.0000  484.0000  459.0000   25.0000  485.0000  473.0000   12.0000  430.0000  441.0000  -11.0000   30.4000   29.8000   29.8000   27.2000    0.7353    0.8119    0.7044   22.4440   33.8853   21.9200   15.2584    6.4923   10.4186   26.1214    7.3764    1.4100   54.6736    0.7320    0.0000    6.2827    0.7108    0.2635    2.3240    3.7692    0.3507    1.6392   20.9371    5.3772   19.9876    3.4334   17.3711
26-11-97  130.0000  236.0000   16.0000   75.0000   30.0000   54.0000   27.0000  486.0000  426.0000   60.0000  487.0000  457.0000   30.0000  488.0000  473.0000   15.0000  430.0000  441.0000  -11.0000   30.4000   29.8000   29.8000   27.2000    0.7371    0.7965    0.6829   24.9050   31.8920   21.7295   15.3104    6.1631   11.5917   30.0733    7.2487    1.4256   49.6607    0.3132    0.0000    6.4619    1.5726    0.2664    3.5131    3.7181    0.5194    1.6282   19.7935    7.9981   15.8622    3.0366   13.8133
03-12-97  140.0000  230.0000   72.0000   77.0000   30.0000   35.0000   30.0000  484.0000  424.0000  -60.0000  485.0000  461.0000  -24.0000  486.0000  480.0000   -6.0000  420.0000  430.0000   10.0000   30.0000   29.4000   28.2000   27.0000    0.7362    0.8055    0.6814   25.7760   31.3697   21.9239   15.2992    5.6312   12.7924   32.4609    7.2434    1.4330   46.0703    0.5900    0.0000    6.4791    1.7585    0.2614    3.9478    3.8586    0.5783    1.6739   20.7191    7.0220   13.6267    2.5740   12.0018
10-12-97  124.0000  235.0000   14.0000   76.0000   31.0000   91.0000   24.5000  483.0000  425.0000   58.0000  484.0000  457.0000   27.0000  485.0000  472.0000   13.0000  425.0000  415.0000   10.0000   30.0000   29.4000   29.4000   24.5000    0.7380    0.7980    0.6800   25.6770   30.7149   22.1648   15.4189    6.0244   10.9802   28.4957    7.5518    1.7023   51.2700    0.6570    0.0715    6.6578    1.1414    0.2938    2.6125    3.7912    0.4686    1.7236   20.1342    7.2092   15.4914    2.8376   13.3980
17-12-97  124.0000  235.0000   14.0000   76.0000   31.0000   91.0000   24.5000  483.0000  425.0000   58.0000  484.0000  457.0000   27.0000  485.0000  472.0000   13.0000  425.0000  415.0000   10.0000   30.0000   29.4000   29.4000   24.5000    0.7380    0.7980    0.6800   25.6770   30.7149   22.1648   15.4189    6.0244   10.9802   28.4957    7.5518    1.7023   51.2700    0.6570    0.0715    6.6578    1.1414    0.2938    2.6125    3.7912    0.4686    1.7236   20.1342    7.2092   15.4914    2.8376   13.3980
24-12-97  126.0000  230.0000   10.0000   76.0000   35.0000   87.0000   26.0000  485.0000  426.0000   59.0000  487.0000  459.0000   28.0000  488.0000  473.0000   15.0000  425.0000  416.0000    9.0000   30.0000   29.4000   28.8000   28.0000    0.7380    0.7980    0.6700   25.6770   30.7149   22.1648   15.4189    6.0244   11.3932   27.8568    6.2871    1.3198   53.1432    0.6570    0.0000    6.6578    0.9071    0.2938    2.7401    3.7912    0.4050    1.7236   22.1327    7.2092   13.7290    2.8376   11.8666
14-01-98  120.0000  245.0000   13.0000   75.0000   34.5000   69.0000    0.0000  482.0000  426.0000   56.0000  484.0000  459.0000   25.0000  485.0000  475.0000   10.0000  425.0000  434.0000   -9.0000   30.0000   29.4000   29.4000   28.5000    0.7380    0.7980    0.6700   25.0810   31.2047   20.5666   15.7127    7.4350   12.6651   31.4744    6.7982    1.4938   47.5685    0.5236    0.0000    5.7412    1.3598    0.2658    3.6220    3.5623    0.5545    1.6704   21.8343    9.6074   14.2611    4.2767   12.4227
21-01-98  130.0000  230.0000   12.0000   78.0000   35.0000   79.0000    0.0000  485.0000  426.0000   59.0000  487.0000  460.0000   27.0000  488.0000  475.0000   13.0000  425.0000  435.0000  -10.0000   30.0000   29.6000   28.8000   28.0000    0.7380    0.7980    0.6700   23.3260   32.0724   20.6269   16.4547    7.5200   12.9704   33.0687    7.5723    1.3125   45.0762    0.5202    0.0000    5.3660    1.6013    0.2423    3.4421    3.5297    0.4771    1.5879   19.6338    9.5955   14.7645    4.2598   12.7727
28-01-98  170.0000  220.0000   13.0000   78.0000   30.0000   90.0000    0.0000  485.0000  425.0000   60.0000  487.0000  456.0000   31.0000  488.0000  471.0000   17.0000  425.0000  435.0000  -10.0000   30.0000   29.4000   29.4000   28.0000    0.7380    0.7980    0.6700   23.4570   32.4874   20.9907   15.7976    7.2673   12.5131   31.1229    7.6162    1.6151   47.1327    0.4995    0.0000    5.4117    1.6095    0.2513    3.3632    3.4464    0.4512    1.5935   18.7001    9.4245   15.5312    3.9312   13.3631
07-25-97  140.0000  230.0000   72.0000   68.0000   30.0000   35.0000   30.0000  484.0000  424.0000  -60.0000  485.0000  461.0000  -24.0000  486.0000  480.0000   -6.0000  420.0000  430.0000   10.0000   30.0000   29.4000   28.2000   27.0000    0.7362    0.8055    0.6814   24.4960   31.1140   21.2220   15.0745    8.0935   12.9490   27.5730    5.1434    1.3846   52.9499    0.6602    0.0737    5.3855    1.2500    0.2611    4.3032    3.2939    0.5014    2.0546   21.6875    8.7973   16.6952    3.6073   14.7631
