5.091259999999999675e-01
4.518869999999999831e-01
3.898700000000000082e-02
5.298610000000000264e-01
2.591689999999999827e-01
6.188280000000000447e-01
1.220030000000000003e-01
8.628339999999999899e-01
1.320300000000000085e-01
6.493229999999999835e-01
2.186470000000000080e-01
1.086618000000000084e+00
6.724399999999999822e-02
6.181729999999999725e-01
3.145830000000000015e-01
1.247338000000000058e+00
3.422300000000000342e-02
5.621500000000000385e-01
4.036270000000000135e-01
1.369402999999999926e+00
1.745899999999999883e-02
4.989759999999999751e-01
4.835639999999999938e-01
1.466104999999999992e+00
8.897999999999999660e-03
4.370939999999999825e-01
5.540079999999999449e-01
1.545110999999999901e+00
4.527999999999999907e-03
3.800080000000000124e-01
6.154640000000000111e-01
1.610935999999999924e+00
2.311000000000000120e-03
3.289190000000000169e-01
6.687699999999999756e-01
1.666460000000000052e+00
1.177000000000000095e-03
2.839760000000000062e-01
7.148459999999999814e-01
1.713669000000000109e+00
