8.824969999999999759e-01
1.125489999999999963e-01
4.954000000000000070e-03
1.224579999999999974e-01
7.788000000000000478e-01
2.027019999999999933e-01
1.849800000000000055e-02
2.396979999999999944e-01
6.872899999999999565e-01
2.738340000000000218e-01
3.887600000000000083e-02
3.515869999999999829e-01
6.065230000000000343e-01
3.288940000000000197e-01
6.458300000000000152e-02
4.580600000000000227e-01
5.352500000000000036e-01
3.703690000000000038e-01
9.438100000000000656e-02
5.591310000000000446e-01
4.723629999999999773e-01
4.004119999999999902e-01
1.272250000000000048e-01
6.548620000000000552e-01
4.168660000000000143e-01
4.209269999999999956e-01
1.622069999999999901e-01
7.453400000000000025e-01
3.678819999999999868e-01
4.335459999999999869e-01
1.985709999999999975e-01
8.306890000000000107e-01
3.246550000000000269e-01
4.396220000000000128e-01
2.357229999999999881e-01
9.110679999999999890e-01
2.865079999999999849e-01
4.403349999999999764e-01
2.731569999999999832e-01
9.866489999999999982e-01
