Время, сек.	C9H16	H2	C9H18	C9H20
0.2 0.74561977 0.70900815 0.21776861 0.03661162
0.4 0.60457246 0.51087166 0.30172674 0.0937008 
0.6 0.51935658 0.37488558 0.33617242 0.144471  
0.8 0.46374865 0.27924055 0.35174324 0.18450811
1.0 0.42654402 0.21076809 0.35768004 0.21577594
1.2 0.40092155 0.16084952 0.35900642 0.24007203
1.4 0.38172223 0.12338018 0.35993571 0.25834205
1.6 0.36760983 0.09520833 0.35998867 0.2724015 
1.8 0.35714046 0.07388345 0.35960253 0.28325701
2.0 0.34914939 0.05746361 0.35916484 0.29168577
