7.202600000000000113e-01
1.721989999999999910e-01
1.075419999999999987e-01
8.728199999999999847e-02
6.484670000000000156e-01
2.328030000000000099e-01
1.187290000000000012e-01
1.702619999999999967e-01
5.838149999999999729e-01
2.832379999999999898e-01
1.329470000000000096e-01
2.491319999999999923e-01
5.255929999999999769e-01
3.247349999999999959e-01
1.496719999999999995e-01
3.240790000000000060e-01
4.731890000000000263e-01
3.583379999999999899e-01
1.684730000000000116e-01
3.952849999999999975e-01
4.260329999999999950e-01
3.850120000000000209e-01
1.889550000000000118e-01
4.629220000000000002e-01
3.835950000000000193e-01
4.056509999999999838e-01
2.107539999999999969e-01
5.271580000000000155e-01
3.453879999999999728e-01
4.210699999999999998e-01
2.335409999999999986e-01
5.881530000000000369e-01
3.109680000000000222e-01
4.320049999999999724e-01
2.570270000000000055e-01
6.460590000000000499e-01
2.799719999999999986e-01
4.390299999999999758e-01
2.809980000000000255e-01
7.010260000000000380e-01
